001480
021528
002910
011369
720001
011370
021523
006502
006503
004320
021179
021180
013840
005844
013841
017811
001184
024459
024460
519770
519771
481015
013312
001198
002163
005825
015159
001170
162214
017612
162201
013107
018358
018359
013108
005628
005119
014736
007490
005629
016262
014737
007491
019829
005903
021718
010415
021719
015576
001753
008326
019830
010416
008327
024069
024070
020839
021532
257070
014854
020840
021533
009855
014855
008528
016500
009856
010391
011452
016501
010392
501026
000017
002692
023828
011120
023829
020356
740001
008555
022364
001411
021893
020357
020639
002051
110005
016579
020464
019632
021894
006265
020640
022365
019633
024974
020465
024975
002289
000390
