000017
000020
000066
000117
000124
000166
000196
000209
000220
000251
000259
000311
000339
000354
000362
000390
000404
000409
000411
000423
000522
000523
000531
000534
000541
000547
000573
000590
000591
000595
000613
000652
000654
000679
000684
000688
000689
000697
000698
000714
000742
000743
000746
000823
000828
000845
000849
000878
000884
000925
002031
020001
020009
040007
040011
040025
050010
050013
050022
050024
080002
080012
080015
100029
100038
100039
100056
110002
110005
110013
110019
110025
110026
110029
112002
160211
160215
160220
160314
160615
160625
160628
160706
160716
160916
161025
161118
161211
161601
161604
161721
161903
162201
162202
162214
162605
162711
162714
163801
163803
163818
164205
164304
164809
165309
165508
165515
165521
165522
169101
200007
200008
202002
202007
202015
202019
202027
202213
206002
210007
213002
213003
217019
233008
233010
240004
240005
240008
240009
240010
240011
240017
240020
257070
260104
260117
270025
270028
270041
288001
290004
290012
310328
310358
310368
310388
310398
320007
320011
320016
320022
350002
375010
377150
377240
377530
379010
400007
410009
420005
450009
460007
470006
470008
470009
470098
481012
481015
519013
519025
519033
519050
519068
519087
519110
519120
519130
519150
519158
519181
519671
519674
519679
519697
519698
519736
519908
519918
519983
519991
530019
540010
560006
580001
580002
580003
580005
580006
580009
582003
590002
590005
590007
610001
620002
630001
630006
630008
630011
630016
673010
688888
690003
700001
720001
740001
740101