date,nav,ret
2009-08-12,1.0,0.0
2009-08-14,1.0001,0.0001
2009-08-21,1.0001,0.0
2009-08-28,0.9996,-0.0005
2009-09-04,0.9986,-0.001
2009-09-11,1.0004,0.001803
2009-09-18,1.0005,0.0001
2009-09-25,0.9984,-0.002099
2009-09-28,0.9982,-0.0002
2009-09-29,0.9982,0.0
2009-09-30,0.9985,0.000301
2009-10-09,0.9992,0.0007009999999999999
2009-10-12,0.9984,-0.0008010000000000001
2009-10-13,0.9984,0.0
2009-10-14,0.9987,0.0003
2009-10-15,0.9989,0.0002
2009-10-16,0.9987,-0.0002
2009-10-19,0.9991,0.000401
2009-10-20,0.9995,0.0004
2009-10-21,0.9996,0.0001
2009-10-22,0.9996,0.0
2009-10-23,0.9997,0.0001
2009-10-26,0.9996,-0.0001
2009-10-27,0.9994,-0.0002
2009-10-28,0.9994,0.0
2009-10-29,0.9993,-0.0001
2009-10-30,0.9994,0.0001
2009-11-02,0.9997,0.0003
2009-11-03,1.0,0.0003
2009-11-04,1.0003,0.0003
2009-11-05,1.0004,0.0001
2009-11-06,1.001,0.0006
2009-11-09,1.0011,0.0001
2009-11-10,1.001,-0.0001
2009-11-11,1.002,0.000999
2009-11-12,1.0032,0.001198
2009-11-13,1.0037,0.000498
2009-11-16,1.0037,0.0
2009-11-17,1.0036,-0.0001
2009-11-18,1.004,0.000399
2009-11-19,1.0046,0.000598
2009-11-20,1.0049,0.000299
2009-11-23,1.0053,0.000398
2009-11-24,1.005,-0.000298
2009-11-25,1.0058,0.000796
2009-11-26,1.0052,-0.000597
2009-11-27,1.005,-0.000199
2009-11-30,1.0052,0.000199
2009-12-01,1.0068,0.001592
2009-12-02,1.0074,0.000596
2009-12-03,1.0097,0.002283
2009-12-04,1.0098,9.900000000000001e-05
2009-12-07,1.0102,0.00039600000000000003
2009-12-08,1.0096,-0.000594
2009-12-09,1.0104,0.0007920000000000001
2009-12-10,1.0106,0.00019800000000000002
2009-12-11,1.0123,0.001682
2009-12-14,1.0116,-0.000691
2009-12-15,1.011,-0.000593
2009-12-16,1.0128,0.00178
2009-12-17,1.0104,-0.0023699999999999997
2009-12-18,1.0109,0.000495
2009-12-21,1.0106,-0.000297
2009-12-22,1.0087,-0.00188
2009-12-23,1.0091,0.000397
2009-12-24,1.0115,0.002378
2009-12-25,1.0135,0.001977
2009-12-28,1.0145,0.000987
2009-12-29,1.016,0.001479
2009-12-30,1.0153,-0.000689
2009-12-31,1.0185,0.003152
2010-01-04,1.0168,-0.001669
2010-01-05,1.0167,-9.8e-05
2010-01-06,1.0175,0.000787
2010-01-07,1.0181,0.0005899999999999999
2010-01-08,1.017,-0.00108
2010-01-11,1.0178,0.000787
2010-01-12,1.021,0.003144
2010-01-13,1.0171,-0.00382
2010-01-14,1.0229,0.0057020000000000005
2010-01-15,1.0222,-0.000684
2010-01-18,1.0226,0.000391
2010-01-19,1.0222,-0.000391
2010-01-20,1.0139,-0.00812
2010-01-21,1.0129,-0.000986
2010-01-22,1.008,-0.004838
2010-01-25,1.0023,-0.005655
2010-01-26,0.9978,-0.00449
2010-01-27,1.0024,0.00461
2010-01-28,1.0049,0.002494
2010-01-29,1.0047,-0.000199
2010-02-01,1.0024,-0.002289
2010-02-02,1.0021,-0.000299
2010-02-03,1.0034,0.0012970000000000002
2010-02-04,1.0022,-0.001196
2010-02-05,0.9998,-0.002395
2010-02-08,0.9981,-0.0017000000000000001
2010-02-09,0.9986,0.000501
2010-02-10,1.0014,0.0028039999999999996
2010-02-11,1.0019,0.000499
2010-02-12,1.0053,0.003394
2010-02-22,1.0034,-0.00189
2010-02-23,1.0032,-0.000199
2010-02-24,1.0074,0.004187
2010-02-25,1.0099,0.002482
2010-02-26,1.0101,0.00019800000000000002
2010-03-01,1.011,0.000891
2010-03-02,1.0109,-9.900000000000001e-05
2010-03-03,1.0129,0.001978
2010-03-04,1.0088,-0.0040479999999999995
2010-03-05,1.0108,0.001983
2010-03-08,1.0115,0.000693
2010-03-09,1.011,-0.000494
2010-03-10,1.0109,-9.900000000000001e-05
2010-03-11,1.0108,-9.900000000000001e-05
2010-03-12,1.0093,-0.001484
2010-03-15,1.007,-0.0022789999999999998
2010-03-16,1.0284,0.021251000000000003
2010-03-17,1.0309,0.002431
2010-03-18,1.0094,-0.020856
2010-03-19,1.0085,-0.000892
2010-03-22,1.0093,0.000793
2010-03-23,1.009,-0.000297
2010-03-24,1.0091,9.900000000000001e-05
2010-03-25,1.0083,-0.000793
2010-03-26,1.0091,0.000793
2010-03-29,1.0108,0.001685
2010-03-30,1.01,-0.000791
2010-03-31,1.0092,-0.0007920000000000001
2010-04-01,1.0133,0.004063
2010-04-02,1.0109,-0.0023680000000000003
2010-04-06,1.0109,0.0
2010-04-07,1.01,-0.00089
2010-04-08,1.0094,-0.000594
2010-04-09,1.0103,0.000892
2010-04-12,1.01,-0.000297
2010-04-13,1.0161,0.00604
2010-04-14,1.0155,-0.0005899999999999999
2010-04-15,1.0152,-0.00029499999999999996
2010-04-16,1.0171,0.001872
2010-04-19,1.017,-9.8e-05
2010-04-20,1.0168,-0.000197
2010-04-21,1.0205,0.003639
2010-04-22,1.0212,0.000686
2010-04-23,1.0229,0.001665
2010-04-26,1.0228,-9.8e-05
2010-04-27,1.0224,-0.000391
2010-04-28,1.0211,-0.0012720000000000001
2010-04-29,1.0206,-0.00049
2010-04-30,1.0229,0.002254
2010-05-04,1.0227,-0.000196
2010-05-05,1.0231,0.000391
2010-05-06,1.0224,-0.000684
2010-05-07,1.0219,-0.000489
2010-05-10,1.0209,-0.000979
2010-05-11,1.0204,-0.00049
2010-05-12,1.0198,-0.000588
2010-05-13,1.0209,0.0010789999999999999
2010-05-14,1.021,9.8e-05
2010-05-17,1.0197,-0.001273
2010-05-18,1.0211,0.001373
2010-05-19,1.0231,0.001959
2010-05-20,1.0226,-0.000489
2010-05-21,1.0236,0.000978
2010-05-24,1.0244,0.000782
2010-05-25,1.0238,-0.000586
2010-05-26,1.0231,-0.000684
2010-05-27,1.0246,0.001466
2010-05-28,1.0246,0.0
2010-05-31,1.0223,-0.002245
2010-06-01,1.0204,-0.0018590000000000002
2010-06-02,1.0208,0.000392
2010-06-03,1.0212,0.000392
2010-06-04,1.0216,0.000392
2010-06-07,1.0231,0.0014680000000000001
2010-06-08,1.0234,0.000293
2010-06-09,1.0254,0.001954
2010-06-10,1.0259,0.00048800000000000004
2010-06-11,1.0256,-0.000292
2010-06-17,1.0204,-0.00507
2010-06-18,1.0161,-0.004214
2010-06-21,1.0168,0.000689
2010-06-22,1.0177,0.0008849999999999999
2010-06-23,1.0184,0.000688
2010-06-24,1.0188,0.000393
2010-06-25,1.0177,-0.00108
2010-06-28,1.0171,-0.0005899999999999999
2010-06-29,1.0145,-0.002556
2010-06-30,1.0146,9.900000000000001e-05
2010-07-01,1.0155,0.000887
2010-07-02,1.0147,-0.000788
2010-07-05,1.0163,0.001577
2010-07-06,1.0182,0.00187
2010-07-07,1.0194,0.0011790000000000001
2010-07-08,1.022,0.002551
2010-07-09,1.0228,0.000783
2010-07-12,1.0224,-0.000391
2010-07-13,1.0224,0.0
2010-07-14,1.0239,0.001467
2010-07-15,1.0238,-9.8e-05
2010-07-16,1.0242,0.000391
2010-07-19,1.0266,0.002343
2010-07-20,1.0285,0.0018509999999999998
2010-07-21,1.0285,0.0
2010-07-22,1.0294,0.0008749999999999999
2010-07-23,1.0283,-0.0010689999999999999
2010-07-26,1.0289,0.000583
2010-07-27,1.027,-0.0018470000000000001
2010-07-28,1.0272,0.000195
2010-07-29,1.0293,0.002044
2010-07-30,1.0326,0.003206
2010-08-02,1.034,0.001356
2010-08-03,1.0312,-0.002708
2010-08-04,1.0359,0.0045579999999999996
2010-08-05,1.0368,0.0008690000000000001
2010-08-06,1.0403,0.003376
2010-08-09,1.0416,0.00125
2010-08-10,1.0361,-0.00528
2010-08-11,1.04,0.003764
2010-08-12,1.0364,-0.0034620000000000002
2010-08-13,1.0487,0.011868
2010-08-16,1.0556,0.00658
2010-08-17,1.0599,0.0040739999999999995
2010-08-18,1.0593,-0.000566
2010-08-19,1.0553,-0.003776
2010-08-20,1.0519,-0.003222
2010-08-23,1.054,0.001996
2010-08-24,1.0546,0.000569
2010-08-25,1.0456,-0.008534
2010-08-26,1.0459,0.000287
2010-08-27,1.0492,0.003155
2010-08-30,1.0565,0.006958
2010-08-31,1.0603,0.0035970000000000004
2010-09-01,1.0531,-0.006791
2010-09-02,1.0634,0.009781
2010-09-03,1.0653,0.001787
2010-09-06,1.0675,0.002065
2010-09-07,1.0694,0.00178
2010-09-08,1.0687,-0.000655
2010-09-09,1.0657,-0.002807
2010-09-10,1.0657,0.0
2010-09-13,1.0685,0.002627
2010-09-14,1.0693,0.000749
2010-09-15,1.0618,-0.007014
2010-09-16,1.0537,-0.007629
2010-09-17,1.0581,0.004176
2010-09-20,1.055,-0.00293
2010-09-21,1.0548,-0.00018999999999999998
2010-09-27,1.0601,0.005024999999999999
2010-09-28,1.057,-0.002924
2010-09-29,1.053,-0.003784
2010-09-30,1.0615,0.008072000000000001
2010-10-08,1.0812,0.018559000000000003
2010-10-11,1.1024,0.019608
2010-10-12,1.1079,0.004989
2010-10-13,1.1076,-0.000271
2010-10-14,1.1106,0.0027089999999999996
2010-10-15,1.1235,0.011615
2010-10-18,1.1221,-0.001246
2010-10-19,1.1305,0.0074860000000000005
2010-10-20,1.1281,-0.002123
2010-10-21,1.1289,0.000709
2010-10-22,1.1347,0.005138
2010-10-25,1.1496,0.013130999999999999
2010-10-26,1.147,-0.002262
2010-10-27,1.142,-0.004359
2010-10-28,1.1398,-0.001926
2010-10-29,1.1388,-0.000877
2010-11-01,1.1537,0.013084
2010-11-02,1.1525,-0.00104
2010-11-03,1.1448,-0.006681
2010-11-04,1.1506,0.005066
2010-11-05,1.1592,0.007474
2010-11-08,1.1583,-0.000776
2010-11-09,1.1559,-0.002072
2010-11-10,1.1567,0.000692
2010-11-11,1.1587,0.001729
2010-11-12,1.1329,-0.022265999999999998
2010-11-15,1.133,8.800000000000001e-05
2010-11-16,1.1111,-0.019329
2010-11-17,1.0996,-0.01035
2010-11-18,1.1042,0.004183
2010-11-19,1.1085,0.0038940000000000003
2010-11-22,1.1077,-0.000722
2010-11-23,1.0965,-0.010111000000000002
2010-11-24,1.0986,0.001915
2010-11-25,1.1059,0.006645
2010-11-26,1.1047,-0.001085
2010-11-29,1.1013,-0.003078
2010-11-30,1.1009,-0.000363
2010-12-01,1.1018,0.0008179999999999999
2010-12-02,1.1065,0.004266
2010-12-03,1.1055,-0.000904
2010-12-06,1.1042,-0.001176
2010-12-07,1.1089,0.004255999999999999
2010-12-08,1.1095,0.000541
2010-12-09,1.109,-0.000451
2010-12-10,1.1081,-0.0008119999999999999
2010-12-13,1.1108,0.002437
2010-12-14,1.0413,0.00045
2010-12-15,1.0412,-9.599999999999999e-05
2010-12-16,1.0408,-0.00038399999999999996
2010-12-17,1.0424,0.001537
2010-12-20,1.0405,-0.001823
2010-12-21,1.0425,0.001922
2010-12-22,1.0404,-0.002014
2010-12-23,1.036,-0.004229
2010-12-24,1.0336,-0.002317
2010-12-27,1.0294,-0.004063
2010-12-28,1.0282,-0.001166
2010-12-29,1.0266,-0.0015559999999999999
2010-12-30,1.0309,0.004189
2010-12-31,1.0393,0.008147999999999999
2011-01-04,1.044,0.004522
2011-01-05,1.0428,-0.001149
2011-01-06,1.0409,-0.001822
2011-01-07,1.0372,-0.003555
2011-01-10,1.0341,-0.002989
2011-01-11,1.0322,-0.001837
2011-01-12,1.0311,-0.001066
2011-01-13,1.0308,-0.000291
2011-01-14,1.0257,-0.004948
2011-01-17,1.0202,-0.0053620000000000004
2011-01-18,1.0161,-0.004019
2011-01-19,1.0181,0.001968
2011-01-20,1.0155,-0.0025540000000000003
2011-01-21,1.014,-0.001477
2011-01-24,1.01,-0.003945000000000001
2011-01-25,1.0109,0.000891
2011-01-26,1.0121,0.001187
2011-01-27,1.0126,0.000494
2011-01-28,1.0126,0.0
2011-01-31,1.0142,0.00158
2011-02-01,1.0151,0.000887
2011-02-09,1.0146,-0.000493
2011-02-10,1.0172,0.0025629999999999997
2011-02-11,1.0194,0.002163
2011-02-14,1.0232,0.0037280000000000004
2011-02-15,1.0221,-0.001075
2011-02-16,1.0226,0.000489
2011-02-17,1.0226,0.0
2011-02-18,1.0211,-0.001467
2011-02-21,1.0214,0.000294
2011-02-22,1.0192,-0.002154
2011-02-23,1.0196,0.000392
2011-02-24,1.0209,0.001275
2011-02-25,1.0202,-0.000686
2011-02-28,1.0217,0.00147
2011-03-01,1.0214,-0.000294
2011-03-02,1.0209,-0.00049
2011-03-03,1.0201,-0.000784
2011-03-04,1.0214,0.0012740000000000002
2011-03-07,1.0237,0.002252
2011-03-08,1.0234,-0.000293
2011-03-09,1.0248,0.001368
2011-03-10,1.0247,-9.8e-05
2011-03-11,1.0238,-0.000878
2011-03-14,1.0241,0.000293
2011-03-15,1.0235,-0.000586
2011-03-16,1.024,0.000489
2011-03-17,1.0244,0.000391
2011-03-18,1.0246,0.000195
2011-03-21,1.0241,-0.00048800000000000004
2011-03-22,1.0243,0.000195
2011-03-23,1.027,0.002636
2011-03-24,1.0275,0.000487
2011-03-25,1.0314,0.003796
2011-03-28,1.032,0.000582
2011-03-29,1.0315,-0.000484
2011-03-30,1.0295,-0.001939
2011-03-31,1.0313,0.0017480000000000002
2011-04-01,1.0322,0.0008730000000000001
2011-04-06,1.0323,9.7e-05
2011-04-07,1.0333,0.000969
2011-04-08,1.0341,0.000774
2011-04-11,1.0352,0.0010639999999999998
2011-04-12,1.0363,0.0010630000000000001
2011-04-13,1.0374,0.001061
2011-04-14,1.0381,0.000675
2011-04-15,1.0385,0.000385
2011-04-18,1.0401,0.0015409999999999998
2011-04-19,1.0377,-0.002307
2011-04-20,1.0369,-0.000771
2011-04-21,1.038,0.001061
2011-04-22,1.0374,-0.000578
2011-04-25,1.0355,-0.001832
2011-04-26,1.0354,-9.7e-05
2011-04-27,1.0355,9.7e-05
2011-04-28,1.0337,-0.0017380000000000002
2011-04-29,1.035,0.001258
2011-05-03,1.0358,0.0007729999999999999
2011-05-04,1.0352,-0.000579
2011-05-05,1.032,-0.003091
2011-05-06,1.033,0.000969
2011-05-09,1.037,0.003872
2011-05-10,1.0379,0.0008680000000000001
2011-05-11,1.0382,0.000289
2011-05-12,1.0372,-0.000963
2011-05-13,1.0372,0.0
2011-05-16,1.0374,0.000193
2011-05-17,1.0369,-0.000482
2011-05-18,1.0371,0.000193
2011-05-19,1.0368,-0.000289
2011-05-20,1.0372,0.000386
2011-05-23,1.0363,-0.0008680000000000001
2011-05-24,1.0365,0.000193
2011-05-25,1.0363,-0.000193
2011-05-26,1.0369,0.000579
2011-05-27,1.0372,0.000289
2011-05-30,1.0373,9.599999999999999e-05
2011-05-31,1.0374,9.599999999999999e-05
2011-06-01,1.0375,9.599999999999999e-05
2011-06-02,1.0374,-9.599999999999999e-05
2011-06-03,1.0375,9.599999999999999e-05
2011-06-07,1.0378,0.000289
2011-06-08,1.0376,-0.000193
2011-06-09,1.037,-0.000578
2011-06-10,1.0368,-0.000193
2011-06-13,1.0367,-9.599999999999999e-05
2011-06-14,1.0365,-0.000193
2011-06-15,1.0358,-0.000675
2011-06-16,1.0338,-0.001931
2011-06-17,1.0333,-0.000484
2011-06-20,1.0349,0.001548
2011-06-21,1.0349,0.0
2011-06-22,1.0346,-0.00029
2011-06-23,1.0348,0.000193
2011-06-24,1.0338,-0.0009660000000000001
2011-06-27,1.0343,0.000484
2011-06-28,1.0345,0.000193
2011-06-29,1.0359,0.001353
2011-06-30,1.0357,-0.000193
2011-07-01,1.0361,0.000386
2011-07-04,1.0346,-0.001448
2011-07-05,1.0334,-0.00116
2011-07-06,1.0437,0.009967
2011-07-07,1.0451,0.001341
2011-07-08,1.0421,-0.0028710000000000003
2011-07-11,1.0401,-0.001919
2011-07-12,1.0481,0.007692
2011-07-13,1.0449,-0.003053
2011-07-14,1.0465,0.0015310000000000002
2011-07-15,1.0508,0.004109
2011-07-18,1.046,-0.004568
2011-07-19,1.0369,-0.0087
2011-07-20,1.0392,0.002218
2011-07-21,1.0443,0.004908
2011-07-22,1.0424,-0.001819
2011-07-25,1.0408,-0.001535
2011-07-26,1.0405,-0.000288
2011-07-27,1.0455,0.004805
2011-07-28,1.0447,-0.000765
2011-07-29,1.0434,-0.0012439999999999999
2011-08-01,1.0525,0.008721
2011-08-02,1.0544,0.001805
2011-08-03,1.0532,-0.001138
2011-08-04,1.0473,-0.005602
2011-08-05,1.0442,-0.00296
2011-08-08,1.0358,-0.008044
2011-08-09,1.0336,-0.002124
2011-08-10,1.0343,0.000677
2011-08-11,1.0413,0.006768
2011-08-12,1.0431,0.001729
2011-08-15,1.0453,0.002109
2011-08-16,1.0428,-0.002392
2011-08-17,1.043,0.00019199999999999998
2011-08-18,1.043,0.0
2011-08-19,1.044,0.000959
2011-08-22,1.034,-0.009578999999999999
2011-08-23,1.035,0.000967
2011-08-24,1.0408,0.0056040000000000005
2011-08-25,1.0405,-0.000288
2011-08-26,1.0462,0.005477999999999999
2011-08-29,1.0412,-0.004779
2011-08-30,1.0337,-0.007203
2011-08-31,1.0369,0.003096
2011-09-01,1.0286,-0.008005
2011-09-02,1.0187,-0.009625
2011-09-05,1.0241,0.005301
2011-09-06,1.0106,-0.013182000000000001
2011-09-07,1.0159,0.0052439999999999995
2011-09-08,1.0101,-0.005709
2011-09-09,1.0082,-0.0018809999999999999
2011-09-13,1.0046,-0.0035709999999999995
2011-09-14,1.0105,0.005873000000000001
2011-09-15,1.007,-0.003464
2011-09-16,1.0037,-0.003277
2011-09-19,0.9913,-0.012354
2011-09-20,0.9905,-0.000807
2011-09-21,0.9926,0.00212
2011-09-22,0.977,-0.015716
2011-09-23,0.9762,-0.000819
2011-09-26,0.9747,-0.001537
2011-09-27,0.9693,-0.005540000000000001
2011-09-28,0.9578,-0.011864
2011-09-29,0.9358,-0.022969
2011-09-30,0.9446,0.009404000000000001
2011-10-10,0.953,0.008893
2011-10-11,0.9563,0.003463
2011-10-12,0.9585,0.002301
2011-10-13,0.9703,0.012311
2011-10-14,0.9742,0.004019
2011-10-17,0.9768,0.0026690000000000004
2011-10-18,0.9786,0.001843
2011-10-19,0.9791,0.000511
2011-10-20,0.9908,0.01195
2011-10-21,1.0001,0.009386
2011-10-24,1.0012,0.0011
2011-10-25,1.0,-0.001199
2011-10-26,1.0005,0.0005
2011-10-27,1.0035,0.002999
2011-10-28,1.0039,0.000399
2011-10-31,1.0043,0.000398
2011-11-01,1.0059,0.001593
2011-11-02,1.0071,0.001193
2011-11-03,1.007,-9.900000000000001e-05
2011-11-04,1.0089,0.001887
2011-11-07,1.0125,0.003568
2011-11-08,1.0133,0.00079
2011-11-09,1.0148,0.00148
2011-11-10,1.0204,0.0055179999999999995
2011-11-11,1.0219,0.00147
2011-11-14,1.0203,-0.001566
2011-11-15,1.0212,0.000882
2011-11-16,1.0205,-0.0006850000000000001
2011-11-17,1.0192,-0.0012740000000000002
2011-11-18,1.0193,9.8e-05
2011-11-21,1.0174,-0.0018640000000000002
2011-11-22,1.0165,-0.0008849999999999999
2011-11-23,1.017,0.000492
2011-11-24,1.0174,0.000393
2011-11-25,1.0171,-0.00029499999999999996
2011-11-28,1.0153,-0.0017699999999999999
2011-11-29,1.0135,-0.001773
2011-11-30,1.013,-0.000493
2011-12-01,1.0189,0.005824
2011-12-02,1.0203,0.001374
2011-12-05,1.0203,0.0
2011-12-06,1.0188,-0.00147
2011-12-07,1.0185,-0.000294
2011-12-08,1.0197,0.001178
2011-12-09,1.0199,0.000196
2011-12-12,1.0189,-0.00098
2011-12-13,1.0121,-0.006674
2011-12-14,1.0184,0.0062250000000000005
2011-12-15,1.0174,-0.000982
2011-12-16,1.017,-0.000393
2011-12-19,1.0176,0.0005899999999999999
2011-12-20,1.0185,0.000884
2011-12-21,1.0176,-0.000884
2011-12-22,1.0172,-0.000393
2011-12-23,1.0174,0.000197
2011-12-26,1.0169,-0.000491
2011-12-27,1.0173,0.000393
2011-12-28,1.0172,-9.8e-05
2011-12-29,1.0174,0.000197
2011-12-30,1.0186,0.0011790000000000001
2011-12-31,1.0198,0.001178
2012-01-04,1.0203,0.00049
2012-01-05,1.0209,0.000588
2012-01-06,1.019,-0.0018609999999999998
2012-01-09,1.0214,0.002355
2012-01-10,1.0239,0.002448
2012-01-11,1.0264,0.002442
2012-01-12,1.0285,0.002046
2012-01-13,1.0296,0.00107
2012-01-16,1.0299,0.000291
2012-01-17,1.0301,0.000194
2012-01-18,1.0296,-0.000485
2012-01-19,1.0306,0.0009710000000000001
2012-01-20,1.0315,0.0008730000000000001
2012-01-30,1.033,0.001454
2012-01-31,1.0349,0.0018390000000000001
2012-02-01,1.0339,-0.0009660000000000001
2012-02-02,1.0341,0.000193
2012-02-03,1.0344,0.00029
2012-02-06,1.0349,0.00048300000000000003
2012-02-07,1.0346,-0.00029
2012-02-08,1.0334,-0.00116
2012-02-09,1.0344,0.000968
2012-02-10,1.0354,0.000967
2012-02-13,1.0368,0.001352
2012-02-14,1.039,0.002122
2012-02-15,1.038,-0.000962
2012-02-16,1.0406,0.002505
2012-02-17,1.0407,9.599999999999999e-05
2012-02-20,1.045,0.004132
2012-02-21,1.0456,0.000574
2012-02-22,1.0465,0.000861
2012-02-23,1.0469,0.00038199999999999996
2012-02-24,1.0472,0.000287
2012-02-27,1.0477,0.000477
2012-02-28,1.048,0.000286
2012-02-29,1.0477,-0.000286
2012-03-01,1.0482,0.000477
2012-03-02,1.0484,0.00019099999999999998
2012-03-05,1.0486,0.00019099999999999998
2012-03-06,1.0485,-9.499999999999999e-05
2012-03-07,1.0494,0.000858
2012-03-08,1.0507,0.0012389999999999999
2012-03-09,1.0531,0.002284
2012-03-12,1.0538,0.000665
2012-03-13,1.0539,9.499999999999999e-05
2012-03-14,1.0539,0.0
2012-03-15,1.0548,0.000854
2012-03-16,1.0548,0.0
2012-03-19,1.055,0.00018999999999999998
2012-03-20,1.0551,9.499999999999999e-05
2012-03-21,1.055,-9.499999999999999e-05
2012-03-22,1.0549,-9.499999999999999e-05
2012-03-23,1.0553,0.00037900000000000005
2012-03-26,1.0566,0.001232
2012-03-27,1.0571,0.000473
2012-03-28,1.0567,-0.000378
2012-03-29,1.0587,0.001893
2012-03-30,1.0597,0.000945
2012-03-31,1.0601,0.00037699999999999995
2012-04-05,1.0608,0.00066
2012-04-06,1.0611,0.000283
2012-04-09,1.0609,-0.00018800000000000002
2012-04-10,1.0611,0.000189
2012-04-11,1.0617,0.000565
2012-04-12,1.0624,0.000659
2012-04-13,1.0626,0.00018800000000000002
2012-04-16,1.0629,0.00028199999999999997
2012-04-17,1.0638,0.000847
2012-04-18,1.0645,0.000658
2012-04-19,1.0649,0.00037600000000000003
2012-04-20,1.0654,0.00047
2012-04-23,1.0663,0.000845
2012-04-24,1.0669,0.000563
2012-04-25,1.067,9.400000000000001e-05
2012-04-26,1.0682,0.0011250000000000001
2012-04-27,1.0701,0.001779
2012-05-02,1.0707,0.000561
2012-05-03,1.0707,0.0
2012-05-04,1.0709,0.00018700000000000002
2012-05-07,1.071,9.3e-05
2012-05-08,1.0715,0.00046699999999999997
2012-05-09,1.0717,0.00018700000000000002
2012-05-10,1.0717,0.0
2012-05-11,1.0726,0.00084
2012-05-14,1.0742,0.001492
2012-05-15,1.0754,0.001117
2012-05-16,1.0767,0.001209
2012-05-17,1.0776,0.0008359999999999999
2012-05-18,1.0789,0.001206
2012-05-21,1.0802,0.001205
2012-05-22,1.0814,0.001111
2012-05-23,1.0823,0.000832
2012-05-24,1.0846,0.002125
2012-05-25,1.0869,0.002121
2012-05-28,1.0876,0.000644
2012-05-29,1.0872,-0.000368
2012-05-30,1.0875,0.000276
2012-05-31,1.0882,0.000644
2012-06-01,1.0889,0.0006429999999999999
2012-06-04,1.0894,0.00045900000000000004
2012-06-05,1.09,0.0005510000000000001
2012-06-06,1.0905,0.00045900000000000004
2012-06-07,1.0912,0.0006419999999999999
2012-06-08,1.0751,0.003574
2012-06-11,1.0752,9.3e-05
2012-06-12,1.0755,0.000279
2012-06-13,1.0754,-9.3e-05
2012-06-14,1.0753,-9.3e-05
2012-06-15,1.0754,9.3e-05
2012-06-18,1.0752,-0.000186
2012-06-19,1.074,-0.001116
2012-06-20,1.0739,-9.3e-05
2012-06-21,1.074,9.3e-05
2012-06-25,1.0734,-0.000559
2012-06-26,1.0543,0.000838
2012-06-27,1.054,-0.000285
2012-06-28,1.0534,-0.000569
2012-06-29,1.054,0.00057
2012-06-30,1.0541,9.499999999999999e-05
2012-07-02,1.0542,9.499999999999999e-05
2012-07-03,1.0547,0.000474
2012-07-04,1.0548,9.499999999999999e-05
2012-07-05,1.0549,9.499999999999999e-05
2012-07-06,1.057,0.001991
2012-07-09,1.0565,-0.000473
2012-07-10,1.0573,0.0007570000000000001
2012-07-11,1.0577,0.000378
2012-07-12,1.0581,0.000378
2012-07-13,1.0576,-0.000473
2012-07-16,1.0571,-0.000473
2012-07-17,1.0571,0.0
2012-07-18,1.057,-9.499999999999999e-05
2012-07-19,1.0574,0.000378
2012-07-20,1.0571,-0.000284
2012-07-23,1.057,-9.499999999999999e-05
2012-07-24,1.0568,-0.000189
2012-07-25,1.0564,-0.00037900000000000005
2012-07-26,1.0558,-0.000568
2012-07-27,1.0563,0.000474
2012-07-30,1.0552,-0.001041
2012-07-31,1.0539,-0.001232
2012-08-01,1.0538,-9.499999999999999e-05
2012-08-02,1.0531,-0.000664
2012-08-03,1.0532,9.499999999999999e-05
2012-08-06,1.0504,-0.0026590000000000003
2012-08-07,1.0511,0.000666
2012-08-08,1.0487,-0.002283
2012-08-09,1.0487,0.0
2012-08-10,1.0477,-0.000954
2012-08-13,1.0472,-0.000477
2012-08-14,1.0473,9.499999999999999e-05
2012-08-15,1.0476,0.000286
2012-08-16,1.0469,-0.000668
2012-08-17,1.0476,0.000669
2012-08-20,1.0467,-0.0008590000000000001
2012-08-21,1.0465,-0.00019099999999999998
2012-08-22,1.0458,-0.000669
2012-08-23,1.0457,-9.599999999999999e-05
2012-08-24,1.0451,-0.000574
2012-08-27,1.0449,-0.00019099999999999998
2012-08-28,1.0446,-0.000287
2012-08-29,1.0446,0.0
2012-08-30,1.0447,9.599999999999999e-05
2012-08-31,1.0445,-0.00019099999999999998
2012-09-03,1.0454,0.000862
2012-09-04,1.0452,-0.00019099999999999998
2012-09-05,1.0448,-0.000383
2012-09-06,1.0449,9.599999999999999e-05
2012-09-07,1.0454,0.000479
2012-09-10,1.0446,-0.000765
2012-09-11,1.0444,-0.00019099999999999998
2012-09-12,1.043,-0.00134
2012-09-13,1.0427,-0.000288
2012-09-14,1.0415,-0.001151
2012-09-17,1.0415,0.0
2012-09-18,1.0414,-9.599999999999999e-05
2012-09-19,1.0412,-0.00019199999999999998
2012-09-20,1.0411,-9.599999999999999e-05
2012-09-21,1.0414,0.000288
2012-09-24,1.0415,9.599999999999999e-05
2012-09-25,1.0421,0.000576
2012-09-26,1.0433,0.001152
2012-09-27,1.0441,0.000767
2012-09-28,1.0449,0.000766
2012-09-30,1.0454,0.000479
2012-10-08,1.0464,0.000957
2012-10-09,1.0467,0.000287
2012-10-10,1.0473,0.0005729999999999999
2012-10-11,1.048,0.000668
2012-10-12,1.0503,0.002195
2012-10-15,1.0508,0.000476
2012-10-16,1.0511,0.000285
2012-10-17,1.0511,0.0
2012-10-18,1.0512,9.499999999999999e-05
2012-10-19,1.0511,-9.499999999999999e-05
2012-10-22,1.0514,0.000285
2012-10-23,1.0516,0.00018999999999999998
2012-10-24,1.0514,-0.00018999999999999998
2012-10-25,1.051,-0.00037999999999999997
2012-10-26,1.0516,0.000571
2012-10-29,1.0508,-0.000761
2012-10-30,1.05,-0.000761
2012-10-31,1.0514,0.001333
2012-11-01,1.0528,0.001332
2012-11-02,1.0525,-0.000285
2012-11-05,1.0517,-0.0007599999999999999
2012-11-06,1.0525,0.000761
2012-11-07,1.0526,9.499999999999999e-05
2012-11-08,1.0527,9.499999999999999e-05
2012-11-09,1.0528,9.499999999999999e-05
2012-11-12,1.0537,0.0008550000000000001
2012-11-13,1.0538,9.499999999999999e-05
2012-11-14,1.0543,0.000474
2012-11-15,1.0546,0.000285
2012-11-16,1.0551,0.000474
2012-11-19,1.0553,0.00018999999999999998
2012-11-20,1.0561,0.0007580000000000001
2012-11-21,1.0562,9.499999999999999e-05
2012-11-22,1.0562,0.0
2012-11-23,1.0562,0.0
2012-11-26,1.0566,0.00037900000000000005
2012-11-27,1.0567,9.499999999999999e-05
2012-11-28,1.0567,0.0
2012-11-29,1.0567,0.0
2012-11-30,1.0569,0.000189
2012-12-03,1.0573,0.000378
2012-12-04,1.0573,0.0
2012-12-05,1.0574,9.499999999999999e-05
2012-12-06,1.0575,9.499999999999999e-05
2012-12-07,1.0576,9.499999999999999e-05
2012-12-10,1.0579,0.000284
2012-12-11,1.0579,0.0
2012-12-12,1.058,9.499999999999999e-05
2012-12-13,1.0579,-9.499999999999999e-05
2012-12-14,1.0582,0.000284
2012-12-17,1.0586,0.000378
2012-12-18,1.0578,-0.000756
2012-12-19,1.0579,9.499999999999999e-05
2012-12-20,1.058,9.499999999999999e-05
2012-12-21,1.058,0.0
2012-12-24,1.0583,0.000284
2012-12-25,1.0587,0.000378
2012-12-26,1.0589,0.000189
2012-12-27,1.0588,-9.400000000000001e-05
2012-12-28,1.0591,0.000283
2012-12-31,1.0602,0.001039
2013-01-04,1.0591,-0.001038
2013-01-07,1.0606,0.001416
2013-01-08,1.0609,0.000283
2013-01-09,1.0621,0.001131
2013-01-10,1.0628,0.000659
2013-01-11,1.0633,0.00047
2013-01-14,1.0639,0.0005639999999999999
2013-01-15,1.0635,-0.00037600000000000003
2013-01-16,1.0637,0.00018800000000000002
2013-01-17,1.0643,0.0005639999999999999
2013-01-18,1.0657,0.001315
2013-01-21,1.0669,0.001126
2013-01-22,1.0677,0.00075
2013-01-23,1.0683,0.000562
2013-01-24,1.0689,0.000562
2013-01-25,1.0695,0.000561
2013-01-28,1.0699,0.00037400000000000004
2013-01-29,1.0703,0.00037400000000000004
2013-01-30,1.0704,9.3e-05
2013-01-31,1.0713,0.000841
2013-02-01,1.0716,0.00028000000000000003
2013-02-04,1.0726,0.0009329999999999999
2013-02-05,1.0738,0.001119
2013-02-06,1.0749,0.001024
2013-02-07,1.0754,0.00046499999999999997
2013-02-08,1.076,0.000558
2013-02-18,1.0777,0.00158
2013-02-19,1.0782,0.00046399999999999995
2013-02-20,1.0787,0.00046399999999999995
2013-02-21,1.0794,0.000649
2013-02-22,1.0802,0.000741
2013-02-25,1.0825,0.0021290000000000002
2013-02-26,1.0819,-0.000554
2013-02-27,1.0817,-0.000185
2013-02-28,1.0821,0.00037
2013-03-01,1.0824,0.000277
2013-03-04,1.0824,0.0
2013-03-05,1.0828,0.00037
2013-03-06,1.0831,0.000277
2013-03-07,1.0834,0.000277
2013-03-08,1.0845,0.001015
2013-03-11,1.0841,-0.000369
2013-03-12,1.0843,0.000184
2013-03-13,1.0846,0.000277
2013-03-14,1.0849,0.000277
2013-03-15,1.0852,0.000277
2013-03-18,1.0852,0.0
2013-03-19,1.085,-0.000184
2013-03-20,1.0845,-0.00046100000000000004
2013-03-21,1.085,0.00046100000000000004
2013-03-22,1.0851,9.2e-05
2013-03-25,1.0851,0.0
2013-03-26,1.0852,9.2e-05
2013-03-27,1.0855,0.000276
2013-03-28,1.0861,0.000553
2013-03-29,1.087,0.000829
2013-04-01,1.0879,0.000828
2013-04-02,1.0889,0.000919
2013-04-03,1.0899,0.0009180000000000001
2013-04-08,1.0907,0.0007340000000000001
2013-04-09,1.0922,0.0013750000000000001
2013-04-10,1.0928,0.000549
2013-04-11,1.0936,0.000732
2013-04-12,1.0936,0.0
2013-04-15,1.094,0.000366
2013-04-16,1.0948,0.000731
2013-04-17,1.0947,-9.1e-05
2013-04-18,1.0961,0.0012790000000000002
2013-04-19,1.0958,-0.000274
2013-04-22,1.0934,-0.00219
2013-04-23,1.0908,-0.002378
2013-04-24,1.0925,0.001558
2013-04-25,1.0952,0.0024709999999999997
2013-04-26,1.0968,0.001461
2013-05-02,1.0971,0.000274
2013-05-03,1.0966,-0.000456
2013-05-06,1.0965,-9.1e-05
2013-05-07,1.0967,0.000182
2013-05-08,1.0965,-0.000182
2013-05-09,1.0983,0.0016420000000000002
2013-05-10,1.1003,0.0018210000000000001
2013-05-13,1.1009,0.000545
2013-05-14,1.1014,0.00045400000000000003
2013-05-15,1.1016,0.000182
2013-05-16,1.1024,0.000726
2013-05-17,1.1028,0.000363
2013-05-20,1.1037,0.0008160000000000001
2013-05-21,1.1045,0.000725
2013-05-22,1.1049,0.000362
2013-05-23,1.1047,-0.000181
2013-05-24,1.1053,0.000543
2013-05-27,1.1057,0.000362
2013-05-28,1.1066,0.000814
2013-05-29,1.1064,-0.000181
2013-05-30,1.1062,-0.000181
2013-05-31,1.1077,0.001356
2013-06-03,1.108,0.000271
2013-06-04,1.1081,8.999999999999999e-05
2013-06-05,1.1079,-0.00017999999999999998
2013-06-06,1.1072,-0.0006320000000000001
2013-06-07,1.1069,-0.000271
2013-06-13,1.1059,-0.000903
2013-06-14,1.1044,-0.001356
2013-06-17,1.1026,-0.0016300000000000002
2013-06-18,1.1027,9.1e-05
2013-06-19,1.1021,-0.000544
2013-06-20,1.0977,-0.003992
2013-06-21,1.0964,-0.0011840000000000002
2013-06-24,1.0937,-0.002463
2013-06-25,1.0926,-0.001006
2013-06-26,1.0961,0.0032029999999999997
2013-06-27,1.097,0.0008210000000000001
2013-06-28,1.0968,-0.000182
2013-06-30,1.0969,9.1e-05
2013-07-01,1.097,9.1e-05
2013-07-02,1.0992,0.0020050000000000003
2013-07-03,1.0997,0.000455
2013-07-04,1.1004,0.0006370000000000001
2013-07-05,1.101,0.000545
2013-07-08,1.1007,-0.000272
2013-07-09,1.1002,-0.00045400000000000003
2013-07-10,1.1001,-9.1e-05
2013-07-11,1.1002,9.1e-05
2013-07-12,1.0981,-0.0019089999999999999
2013-07-15,1.0979,-0.000182
2013-07-16,1.0974,-0.000455
2013-07-17,1.0963,-0.001002
2013-07-18,1.0949,-0.0012770000000000001
2013-07-19,1.0935,-0.0012790000000000002
2013-07-22,1.0894,-0.003749
2013-07-23,1.0866,-0.0025700000000000002
2013-07-24,1.0871,0.00046
2013-07-25,1.0868,-0.000276
2013-07-26,1.0863,-0.00046
2013-07-29,1.085,-0.001197
2013-07-30,1.0851,9.2e-05
2013-07-31,1.0849,-0.000184
2013-08-01,1.0861,0.001106
2013-08-02,1.0875,0.0012889999999999998
2013-08-05,1.0863,-0.001103
2013-08-06,1.0869,0.000552
2013-08-07,1.0818,-0.004692
2013-08-08,1.0847,0.0026810000000000002
2013-08-09,1.0806,-0.00378
2013-08-12,1.0801,-0.00046300000000000003
2013-08-13,1.0761,-0.003703
2013-08-14,1.0751,-0.0009289999999999999
2013-08-15,1.0771,0.0018599999999999999
2013-08-16,1.075,-0.0019500000000000001
2013-08-19,1.0733,-0.001581
2013-08-20,1.0738,0.00046600000000000005
2013-08-21,1.0744,0.000559
2013-08-22,1.0743,-9.3e-05
2013-08-23,1.074,-0.000279
2013-08-26,1.0749,0.000838
2013-08-27,1.0716,-0.00307
2013-08-28,1.0702,-0.0013059999999999999
2013-08-29,1.0718,0.001495
2013-08-30,1.073,0.0011200000000000001
2013-09-02,1.0742,0.001118
2013-09-03,1.0784,0.00391
2013-09-04,1.081,0.002411
2013-09-05,1.079,-0.00185
2013-09-06,1.0777,-0.001205
2013-09-09,1.0816,0.003619
2013-09-10,1.0788,-0.002589
2013-09-11,1.0802,0.001298
2013-09-12,1.0803,9.3e-05
2013-09-13,1.0789,-0.0012959999999999998
2013-09-16,1.0785,-0.000371
2013-09-17,1.0751,-0.0031530000000000004
2013-09-18,1.0764,0.001209
2013-09-23,1.0772,0.0007430000000000001
2013-09-24,1.0789,0.001578
2013-09-25,1.081,0.001946
2013-09-26,1.0793,-0.001573
2013-09-27,1.0794,9.3e-05
2013-09-30,1.0798,0.000371
2013-10-08,1.081,0.001111
2013-10-09,1.081,0.0
2013-10-10,1.081,0.0
2013-10-11,1.0815,0.00046300000000000003
2013-10-14,1.0817,0.000185
2013-10-15,1.0816,-9.2e-05
2013-10-16,1.0797,-0.0017569999999999999
2013-10-17,1.0793,-0.00037
2013-10-18,1.0789,-0.000371
2013-10-21,1.0789,0.0
2013-10-22,1.0791,0.000185
2013-10-23,1.078,-0.001019
2013-10-24,1.0778,-0.000186
2013-10-25,1.0781,0.000278
2013-10-28,1.0787,0.000557
2013-10-29,1.0783,-0.000371
2013-10-30,1.0786,0.000278
2013-10-31,1.0788,0.000185
2013-11-01,1.0791,0.000278
2013-11-04,1.0793,0.000185
2013-11-05,1.0788,-0.00046300000000000003
2013-11-06,1.0785,-0.000278
2013-11-07,1.0784,-9.3e-05
2013-11-08,1.0789,0.00046399999999999995
2013-11-11,1.0788,-9.3e-05
2013-11-12,1.0783,-0.00046300000000000003
2013-11-13,1.0782,-9.3e-05
2013-11-14,1.0779,-0.000278
2013-11-15,1.0777,-0.000186
2013-11-18,1.0777,0.0
2013-11-19,1.0076,-9.3e-05
2013-11-20,1.0075,-9.900000000000001e-05
2013-11-21,1.0076,9.900000000000001e-05
2013-11-22,1.0077,9.900000000000001e-05
2013-11-25,1.0081,0.000397
2013-11-26,1.0083,0.00019800000000000002
2013-11-27,1.0083,0.0
2013-11-28,1.0085,0.00019800000000000002
2013-11-29,1.0085,0.0
2013-12-02,1.0087,0.00019800000000000002
2013-12-03,1.0091,0.000397
2013-12-04,1.0094,0.000297
2013-12-05,1.0093,-9.900000000000001e-05
2013-12-06,1.0095,0.00019800000000000002
2013-12-09,1.0099,0.00039600000000000003
2013-12-10,1.01,9.900000000000001e-05
2013-12-11,1.0101,9.900000000000001e-05
2013-12-12,1.0102,9.900000000000001e-05
2013-12-13,1.0104,0.00019800000000000002
2013-12-16,1.0107,0.000297
2013-12-17,1.0106,-9.900000000000001e-05
2013-12-18,1.01,-0.000594
2013-12-19,1.0098,-0.00019800000000000002
2013-12-20,1.0096,-0.00019800000000000002
2013-12-23,1.0101,0.000495
2013-12-24,1.0106,0.000495
2013-12-25,1.0107,9.900000000000001e-05
2013-12-26,1.011,0.000297
2013-12-27,1.0111,9.900000000000001e-05
2013-12-30,1.0114,0.000297
2013-12-31,1.0119,0.000494
2014-01-02,1.0119,0.0
2014-01-03,1.0119,0.0
2014-01-06,1.0121,0.00019800000000000002
2014-01-07,1.0123,0.00019800000000000002
2014-01-08,1.0125,0.00019800000000000002
2014-01-09,1.0131,0.000593
2014-01-10,1.0133,0.000197
2014-01-13,1.0138,0.000493
2014-01-14,1.0139,9.900000000000001e-05
2014-01-15,1.0141,0.000197
2014-01-16,1.0143,0.000197
2014-01-17,1.0141,-0.000197
2014-01-20,1.0137,-0.000394
2014-01-21,1.0143,0.0005920000000000001
2014-01-22,1.015,0.0006900000000000001
2014-01-23,1.0151,9.900000000000001e-05
2014-01-24,1.0155,0.000394
2014-01-27,1.016,0.000492
2014-01-28,1.0164,0.000394
2014-01-29,1.0168,0.000394
2014-01-30,1.0171,0.00029499999999999996
2014-02-07,1.0179,0.000787
2014-02-10,1.0186,0.000688
2014-02-11,1.0187,9.8e-05
2014-02-12,1.0188,9.8e-05
2014-02-13,1.0192,0.000393
2014-02-14,1.0198,0.000589
2014-02-17,1.021,0.001177
2014-02-18,1.021,0.0
2014-02-19,1.0214,0.000392
2014-02-20,1.0221,0.0006850000000000001
2014-02-21,1.0228,0.0006850000000000001
2014-02-24,1.0233,0.000489
2014-02-25,1.026,0.0026390000000000003
2014-02-26,1.0268,0.00078
2014-02-27,1.0318,0.004869
2014-02-28,1.032,0.000194
2014-03-03,1.0311,-0.0008719999999999999
2014-03-04,1.0276,-0.003394
2014-03-05,1.0248,-0.002725
2014-03-06,1.0243,-0.00048800000000000004
2014-03-07,1.0248,0.00048800000000000004
2014-03-10,1.0244,-0.00039
2014-03-11,1.0258,0.001367
2014-03-12,1.0259,9.7e-05
2014-03-13,1.0272,0.0012670000000000001
2014-03-14,1.0287,0.00146
2014-03-17,1.0285,-0.000194
2014-03-18,1.0272,-0.0012640000000000001
2014-03-19,1.0256,-0.001558
2014-03-20,1.0257,9.8e-05
2014-03-21,1.0263,0.000585
2014-03-24,1.0265,0.000195
2014-03-25,1.0258,-0.000682
2014-03-26,1.0257,-9.7e-05
2014-03-27,1.0256,-9.7e-05
2014-03-28,1.0255,-9.8e-05
2014-03-31,1.0257,0.000195
2014-04-01,1.025,-0.000682
2014-04-02,1.0244,-0.000585
2014-04-03,1.0226,-0.0017569999999999999
2014-04-04,1.0231,0.000489
2014-04-08,1.0246,0.001466
2014-04-09,1.0238,-0.000781
2014-04-10,1.0253,0.001465
2014-04-11,1.0271,0.001756
2014-04-14,1.0299,0.002726
2014-04-15,1.0312,0.001262
2014-04-16,1.0325,0.001261
2014-04-17,1.0373,0.0046489999999999995
2014-04-18,1.0375,0.000193
2014-04-21,1.0374,-9.599999999999999e-05
2014-04-22,1.038,0.000578
2014-04-23,1.0376,-0.000385
2014-04-24,1.0373,-0.000289
2014-04-25,1.0373,0.0
2014-04-28,1.0386,0.001253
2014-04-29,1.0399,0.001252
2014-04-30,1.0417,0.0017310000000000001
2014-05-05,1.0435,0.0017280000000000002
2014-05-06,1.0448,0.001246
2014-05-07,1.0456,0.000766
2014-05-08,1.0468,0.001148
2014-05-09,1.048,0.0011459999999999999
2014-05-12,1.0486,0.0005729999999999999
2014-05-13,1.0487,9.499999999999999e-05
2014-05-14,1.0485,-0.00019099999999999998
2014-05-15,1.0486,9.499999999999999e-05
2014-05-16,1.0487,9.499999999999999e-05
2014-05-19,1.0489,0.00019099999999999998
2014-05-20,1.0489,0.0
2014-05-21,1.0491,0.00019099999999999998
2014-05-22,1.0493,0.00019099999999999998
2014-05-23,1.0495,0.00019099999999999998
2014-05-26,1.05,0.000476
2014-05-27,1.0505,0.000476
2014-05-28,1.051,0.000476
2014-05-29,1.0506,-0.00038100000000000005
2014-05-30,1.0509,0.000286
2014-06-03,1.0525,0.0015229999999999998
2014-06-04,1.0528,0.000285
2014-06-05,1.0535,0.000665
2014-06-06,1.0538,0.000285
2014-06-09,1.0531,-0.000664
2014-06-10,1.0547,0.0015190000000000002
2014-06-11,1.0551,0.00037900000000000005
2014-06-12,1.0555,0.00037900000000000005
2014-06-13,1.0569,0.001326
2014-06-16,1.0586,0.001608
2014-06-17,1.0575,-0.001039
2014-06-18,1.0567,-0.0007570000000000001
2014-06-19,1.0565,-0.000189
2014-06-20,1.0573,0.0007570000000000001
2014-06-23,1.058,0.0006619999999999999
2014-06-24,1.0585,0.000473
2014-06-25,1.0584,-9.400000000000001e-05
2014-06-26,1.0593,0.0008500000000000001
2014-06-27,1.0597,0.000378
2014-06-30,1.0603,0.000566
2014-07-01,1.0595,-0.000755
2014-07-02,1.0599,0.000378
2014-07-03,1.0603,0.00037699999999999995
2014-07-04,1.056,-0.0040550000000000004
2014-07-07,1.0567,0.000663
2014-07-08,1.0612,0.004259
2014-07-09,1.0603,-0.000848
2014-07-10,1.0602,-9.400000000000001e-05
2014-07-11,1.0611,0.000849
2014-07-14,1.0619,0.0007539999999999999
2014-07-15,1.0622,0.000283
2014-07-16,1.0617,-0.000471
2014-07-17,1.0587,-0.0028260000000000004
2014-07-18,1.0587,0.0
2014-07-21,1.0586,-9.400000000000001e-05
2014-07-22,1.0603,0.001606
2014-07-23,1.0623,0.0018859999999999999
2014-07-24,1.0634,0.001035
2014-07-25,1.0655,0.001975
2014-07-28,1.0689,0.003191
2014-07-29,1.0697,0.0007480000000000001
2014-07-30,1.0695,-0.00018700000000000002
2014-07-31,1.0698,0.000281
2014-08-01,1.0722,0.002243
2014-08-04,1.0724,0.00018700000000000002
2014-08-05,1.0727,0.00028000000000000003
2014-08-06,1.073,0.00028000000000000003
2014-08-07,1.0733,0.00028000000000000003
2014-08-08,1.0741,0.000745
2014-08-11,1.0746,0.00046600000000000005
2014-08-12,1.0747,9.3e-05
2014-08-13,1.0757,0.0009299999999999999
2014-08-14,1.0784,0.00251
2014-08-15,1.0785,9.3e-05
2014-08-18,1.0792,0.000649
2014-08-19,1.0801,0.000834
2014-08-20,1.0803,0.000185
2014-08-21,1.0804,9.3e-05
2014-08-22,1.0806,0.000185
2014-08-25,1.0811,0.00046300000000000003
2014-08-26,1.0812,9.2e-05
2014-08-27,1.0814,0.000185
2014-08-28,1.0818,0.00037
2014-08-29,1.0819,9.2e-05
2014-09-01,1.0819,0.0
2014-09-02,1.0824,0.00046199999999999995
2014-09-03,1.0825,9.2e-05
2014-09-04,1.0832,0.0006469999999999999
2014-09-05,1.0838,0.000554
2014-09-09,1.0838,0.0
2014-09-10,1.084,0.000185
2014-09-11,1.0841,9.2e-05
2014-09-12,1.0842,9.2e-05
2014-09-15,1.085,0.000738
2014-09-16,1.0846,-0.000369
2014-09-17,1.0848,0.000184
2014-09-18,1.0852,0.000369
2014-09-19,1.0858,0.000553
2014-09-22,1.0861,0.000276
2014-09-23,1.0871,0.000921
2014-09-24,1.0868,-0.000276
2014-09-25,1.0893,0.0023
2014-09-26,1.0897,0.00036700000000000003
2014-09-29,1.0926,0.002661
2014-09-30,1.0938,0.001098
2014-10-08,1.0946,0.000731
2014-10-09,1.0958,0.001096
2014-10-10,1.0962,0.000365
2014-10-13,1.0963,9.1e-05
2014-10-14,1.0968,0.000456
2014-10-15,1.0974,0.000547
2014-10-16,1.098,0.000547
2014-10-17,1.1014,0.003097
2014-10-20,1.1039,0.00227
2014-10-21,1.1084,0.004076
2014-10-22,1.1083,-8.999999999999999e-05
2014-10-23,1.1068,-0.001353
2014-10-24,1.1081,0.0011749999999999998
2014-10-27,1.1103,0.0019850000000000002
2014-10-28,1.1133,0.002702
2014-10-29,1.1157,0.002156
2014-10-30,1.1172,0.001344
2014-10-31,1.1212,0.00358
2014-11-03,1.1251,0.003478
2014-11-04,1.1276,0.002222
2014-11-05,1.129,0.001242
2014-11-06,1.1306,0.0014169999999999999
2014-11-07,1.1345,0.003449
2014-11-10,1.1432,0.0076690000000000005
2014-11-11,1.1438,0.000525
2014-11-12,1.1444,0.000525
2014-11-13,1.1442,-0.00017500000000000003
2014-11-14,1.1386,-0.004894
2014-11-17,1.1348,-0.003337
2014-11-18,1.1335,-0.0011459999999999999
2014-11-19,1.1336,8.800000000000001e-05
2014-11-20,1.1345,0.000794
2014-11-21,1.1346,8.800000000000001e-05
2014-11-24,1.1472,0.011105
2014-11-25,1.1478,0.000523
2014-11-26,1.1512,0.0029620000000000002
2014-11-27,1.1518,0.000521
2014-11-28,1.1528,0.0008680000000000001
2014-12-01,1.1514,-0.001214
2014-12-02,1.1511,-0.000261
2014-12-03,1.1482,-0.002519
2014-12-04,1.1483,8.7e-05
2014-12-05,1.1468,-0.0013059999999999999
2014-12-08,1.1454,-0.001221
2014-12-09,1.1186,-0.023398
2014-12-10,1.1275,0.007956
2014-12-11,1.1253,-0.001951
2014-12-12,1.1256,0.00026700000000000004
2014-12-15,1.139,0.011904999999999999
2014-12-16,1.141,0.001756
2014-12-17,1.1411,8.800000000000001e-05
2014-12-18,1.1415,0.00035099999999999997
2014-12-19,1.1434,0.001664
2014-12-22,1.1462,0.0024490000000000002
2014-12-23,1.144,-0.001919
2014-12-24,1.1537,0.008479
2014-12-25,1.1568,0.002687
2014-12-26,1.1667,0.008558
2014-12-29,1.1719,0.004457
2014-12-30,1.1713,-0.000512
2014-12-31,1.1753,0.003415
2015-01-05,1.1853,0.008508
2015-01-06,1.1867,0.001181
2015-01-07,1.1917,0.004213
2015-01-08,1.1895,-0.0018459999999999998
2015-01-09,1.1918,0.001934
2015-01-12,1.1891,-0.002265
2015-01-13,1.1933,0.003532
2015-01-14,1.1932,-8.4e-05
2015-01-15,1.1949,0.0014249999999999998
2015-01-16,1.2001,0.004352
2015-01-19,1.2003,0.000167
2015-01-20,1.2012,0.00075
2015-01-21,1.2029,0.0014149999999999998
2015-01-22,1.2053,0.0019950000000000002
2015-01-23,1.2056,0.000249
2015-01-26,1.2065,0.000747
2015-01-27,1.2065,0.0
2015-01-28,1.2042,-0.001906
2015-01-29,1.203,-0.000997
2015-01-30,1.2028,-0.000166
2015-02-02,1.2026,-0.000166
2015-02-03,1.2029,0.000249
2015-02-04,1.2036,0.000582
2015-02-05,1.2043,0.000582
2015-02-06,1.2022,-0.0017439999999999999
2015-02-09,1.2043,0.0017469999999999999
2015-02-10,1.2054,0.0009130000000000001
2015-02-11,1.2068,0.001161
2015-02-12,1.2082,0.00116
2015-02-13,1.2067,-0.001242
2015-02-16,1.2126,0.004889
2015-02-17,1.2138,0.00099
2015-02-25,1.2163,0.0020599999999999998
2015-02-26,1.2185,0.001809
2015-02-27,1.2181,-0.000328
2015-03-02,1.2193,0.000985
2015-03-03,1.2188,-0.00041
2015-03-04,1.2202,0.001149
2015-03-05,1.2186,-0.0013109999999999999
2015-03-06,1.2177,-0.000739
2015-03-09,1.2176,-8.2e-05
2015-03-10,1.2179,0.000246
2015-03-11,1.2196,0.001396
2015-03-12,1.2213,0.001394
2015-03-13,1.221,-0.000246
2015-03-16,1.223,0.001638
2015-03-17,1.2256,0.0021260000000000003
2015-03-18,1.2261,0.00040800000000000005
2015-03-19,1.2274,0.00106
2015-03-20,1.2278,0.00032599999999999996
2015-03-23,1.2294,0.001303
2015-03-24,1.2273,-0.001708
2015-03-25,1.2236,-0.003015
2015-03-26,1.2214,-0.001798
2015-03-27,1.2214,0.0
2015-03-30,1.2213,-8.2e-05
2015-03-31,1.2188,-0.0020469999999999998
2015-04-01,1.2217,0.002379
2015-04-02,1.2234,0.001392
2015-04-03,1.224,0.00049
2015-04-07,1.2233,-0.000572
2015-04-08,1.2215,-0.001471
2015-04-09,1.2213,-0.000164
2015-04-10,1.2224,0.000901
2015-04-13,1.2238,0.001145
2015-04-14,1.2254,0.001307
2015-04-15,1.2263,0.0007340000000000001
2015-04-16,1.2272,0.0007340000000000001
2015-04-17,1.228,0.0006519999999999999
2015-04-20,1.2321,0.003339
2015-04-21,1.2347,0.00211
2015-04-22,1.2358,0.000891
2015-04-23,1.2353,-0.00040500000000000003
2015-04-24,1.2352,-8.099999999999999e-05
2015-04-27,1.2364,0.000972
2015-04-28,1.2357,-0.000566
2015-04-29,1.2365,0.0006469999999999999
2015-04-30,1.2381,0.0012939999999999998
2015-05-04,1.239,0.000727
2015-05-05,1.2374,-0.0012909999999999998
2015-05-06,1.2364,-0.000808
2015-05-07,1.2381,0.0013750000000000001
2015-05-08,1.2397,0.0012920000000000002
2015-05-11,1.2417,0.001613
2015-05-12,1.2439,0.001772
2015-05-13,1.2458,0.001527
2015-05-14,1.2499,0.003291
2015-05-15,1.2498,-8e-05
2015-05-18,1.2502,0.00032
2015-05-19,1.2499,-0.00024
2015-05-20,1.2501,0.00016
2015-05-21,1.2514,0.00104
2015-05-22,1.252,0.000479
2015-05-25,1.2538,0.001438
2015-05-26,1.2543,0.000399
2015-05-27,1.2557,0.001116
2015-05-28,1.2518,-0.003106
2015-05-29,1.2525,0.000559
2015-06-01,1.257,0.0035930000000000003
2015-06-02,1.2599,0.002307
2015-06-03,1.2591,-0.000635
2015-06-04,1.2591,0.0
2015-06-05,1.2604,0.001032
2015-06-08,1.2605,7.900000000000001e-05
2015-06-09,1.2603,-0.00015900000000000002
2015-06-10,1.2588,-0.0011899999999999999
2015-06-11,1.2581,-0.000556
2015-06-12,1.2586,0.000397
2015-06-15,1.2567,-0.00151
2015-06-16,1.2554,-0.001034
2015-06-17,1.2562,0.0006370000000000001
2015-06-18,1.255,-0.000955
2015-06-19,1.2527,-0.001833
2015-06-23,1.2527,0.0
2015-06-24,1.2545,0.001437
2015-06-25,1.2523,-0.001754
2015-06-26,1.2481,-0.0033539999999999998
2015-06-29,1.2481,0.0
2015-06-30,1.2516,0.0028039999999999996
2015-07-01,1.2476,-0.003196
2015-07-02,1.2457,-0.0015229999999999998
2015-07-03,1.2457,0.0
2015-07-06,1.2529,0.0057799999999999995
2015-07-07,1.2581,0.00415
2015-07-08,1.2557,-0.001908
2015-07-09,1.2584,0.00215
2015-07-10,1.2589,0.000397
2015-07-13,1.2585,-0.00031800000000000003
2015-07-14,1.2587,0.00015900000000000002
2015-07-15,1.2575,-0.000953
2015-07-16,1.2579,0.00031800000000000003
2015-07-17,1.2599,0.00159
2015-07-20,1.2615,0.00127
2015-07-21,1.263,0.001189
2015-07-22,1.2633,0.000238
2015-07-23,1.2673,0.003166
2015-07-24,1.2675,0.00015800000000000002
2015-07-27,1.2633,-0.0033139999999999997
2015-07-28,1.2656,0.0018210000000000001
2015-07-29,1.2674,0.0014219999999999999
2015-07-30,1.2663,-0.0008680000000000001
2015-07-31,1.2648,-0.0011849999999999999
2015-08-03,1.2645,-0.000237
2015-08-04,1.2667,0.0017399999999999998
2015-08-05,1.2673,0.000474
2015-08-06,1.2681,0.000631
2015-08-07,1.2717,0.002839
2015-08-10,1.2742,0.001966
2015-08-11,1.2709,-0.0025900000000000003
2015-08-12,1.2699,-0.000787
2015-08-13,1.271,0.000866
2015-08-14,1.2713,0.000236
2015-08-17,1.2712,-7.900000000000001e-05
2015-08-18,1.2694,-0.001416
2015-08-19,1.2701,0.0005510000000000001
2015-08-20,1.2699,-0.000157
2015-08-21,1.2697,-0.000157
2015-08-24,1.2677,-0.001575
2015-08-25,1.2677,0.0
2015-08-26,1.2682,0.000394
2015-08-27,1.2697,0.001183
2015-08-28,1.2708,0.000866
2015-08-31,1.2716,0.00063
2015-09-01,1.2718,0.000157
2015-09-02,1.2723,0.000393
2015-09-07,1.2726,0.000236
2015-09-08,1.2733,0.00055
2015-09-09,1.2737,0.000314
2015-09-10,1.2731,-0.000471
2015-09-11,1.2735,0.000314
2015-09-14,1.2738,0.000236
2015-09-15,1.2741,0.000236
2015-09-16,1.2754,0.0010199999999999999
2015-09-17,1.2755,7.8e-05
2015-09-18,1.2757,0.000157
2015-09-21,1.2767,0.000784
2015-09-22,1.277,0.000235
2015-09-23,1.2764,-0.00047
2015-09-24,1.2766,0.000157
2015-09-25,1.2765,-7.8e-05
2015-09-28,1.2773,0.0006270000000000001
2015-09-29,1.2784,0.000861
2015-09-30,1.2793,0.0007040000000000001
2015-10-08,1.2805,0.0009379999999999999
2015-10-09,1.2817,0.000937
2015-10-12,1.2839,0.001716
2015-10-13,1.2859,0.001558
2015-10-14,1.2881,0.001711
2015-10-15,1.2885,0.00031099999999999997
2015-10-16,1.2891,0.00046600000000000005
2015-10-19,1.2892,7.8e-05
2015-10-20,1.2911,0.001474
2015-10-21,1.2918,0.000542
2015-10-22,1.2923,0.000387
2015-10-23,1.2938,0.001161
2015-10-26,1.2966,0.002164
2015-10-27,1.2984,0.0013880000000000001
2015-10-28,1.2996,0.0009239999999999999
2015-10-29,1.2993,-0.00023099999999999998
2015-10-30,1.2993,0.0
2015-11-02,1.2991,-0.000154
2015-11-03,1.2988,-0.00023099999999999998
2015-11-04,1.2985,-0.00023099999999999998
2015-11-05,1.2984,-7.7e-05
2015-11-06,1.2994,0.00077
2015-11-09,1.294,-0.004156
2015-11-10,1.2925,-0.001159
2015-11-11,1.2932,0.000542
2015-11-12,1.293,-0.000155
2015-11-13,1.293,0.0
2015-11-16,1.2934,0.00030900000000000003
2015-11-17,1.2935,7.7e-05
2015-11-18,1.2922,-0.001005
2015-11-19,1.2928,0.00046399999999999995
2015-11-20,1.2941,0.001006
2015-11-23,1.2938,-0.00023199999999999997
2015-11-24,1.2941,0.00023199999999999997
2015-11-25,1.2956,0.001159
2015-11-26,1.2962,0.00046300000000000003
2015-11-27,1.296,-0.000154
2015-11-30,1.297,0.000772
2015-12-01,1.2977,0.00054
2015-12-02,1.2988,0.000848
2015-12-03,1.3,0.0009239999999999999
2015-12-04,1.3018,0.0013850000000000002
2015-12-07,1.3038,0.0015359999999999998
2015-12-08,1.3045,0.0005369999999999999
2015-12-09,1.3047,0.000153
2015-12-10,1.3053,0.00046
2015-12-11,1.306,0.000536
2015-12-14,1.3068,0.000613
2015-12-15,1.3067,-7.7e-05
2015-12-16,1.3074,0.000536
2015-12-17,1.3081,0.000535
2015-12-18,1.3083,0.000153
2015-12-21,1.3105,0.001682
2015-12-22,1.3125,0.0015260000000000002
2015-12-23,1.3126,7.6e-05
2015-12-24,1.3145,0.001448
2015-12-25,1.3146,7.6e-05
2015-12-28,1.3146,0.0
2015-12-29,1.3149,0.000228
2015-12-30,1.3153,0.000304
2015-12-31,1.3153,0.0
2016-01-04,1.2338,-0.00114
2016-01-05,1.2334,-0.00032399999999999996
2016-01-06,1.2334,0.0
2016-01-07,1.2335,8.099999999999999e-05
2016-01-08,1.2345,0.0008110000000000001
2016-01-11,1.2343,-0.00016199999999999998
2016-01-12,1.2359,0.0012959999999999998
2016-01-13,1.237,0.00089
2016-01-14,1.2375,0.000404
2016-01-15,1.2372,-0.000242
2016-01-18,1.2378,0.000485
2016-01-19,1.2364,-0.001131
2016-01-20,1.2343,-0.001698
2016-01-21,1.2338,-0.00040500000000000003
2016-01-22,1.235,0.000973
2016-01-25,1.2344,-0.000486
2016-01-26,1.2329,-0.001215
2016-01-27,1.2309,-0.0016220000000000002
2016-01-28,1.2305,-0.000325
2016-01-29,1.2318,0.001056
2016-02-01,1.2321,0.00024400000000000002
2016-02-02,1.2322,8.099999999999999e-05
2016-02-03,1.2315,-0.000568
2016-02-04,1.2328,0.001056
2016-02-05,1.2334,0.000487
2016-02-15,1.2351,0.001378
2016-02-16,1.2357,0.000486
2016-02-17,1.2359,0.00016199999999999998
2016-02-18,1.237,0.00089
2016-02-19,1.2373,0.000243
2016-02-22,1.2377,0.00032300000000000004
2016-02-23,1.2379,0.00016199999999999998
2016-02-24,1.238,8.099999999999999e-05
2016-02-25,1.2374,-0.000485
2016-02-26,1.2373,-8.099999999999999e-05
2016-02-29,1.2372,-8.099999999999999e-05
2016-03-01,1.2375,0.000242
2016-03-02,1.2379,0.00032300000000000004
2016-03-03,1.1579,0.0
2016-03-04,1.1581,0.000173
2016-03-07,1.1584,0.000259
2016-03-08,1.1587,0.000259
2016-03-09,1.1593,0.000518
2016-03-10,1.1599,0.000518
2016-03-11,1.1602,0.000259
2016-03-14,1.1606,0.00034500000000000004
2016-03-15,1.161,0.00034500000000000004
2016-03-16,1.1613,0.000258
2016-03-17,1.1618,0.000431
2016-03-18,1.1624,0.000516
2016-03-21,1.1625,8.6e-05
2016-03-22,1.1624,-8.6e-05
2016-03-23,1.1626,0.000172
2016-03-24,1.1626,0.0
2016-03-25,1.1629,0.000258
2016-03-28,1.1625,-0.000344
2016-03-29,1.1621,-0.000344
2016-03-30,1.1622,8.6e-05
2016-03-31,1.1623,8.6e-05
2016-04-01,1.1626,0.000258
2016-04-05,1.1634,0.000688
2016-04-06,1.1633,-8.6e-05
2016-04-07,1.1632,-8.6e-05
2016-04-08,1.1628,-0.000344
2016-04-11,1.1628,0.0
2016-04-12,1.162,-0.000688
2016-04-13,1.1612,-0.000688
2016-04-14,1.1598,-0.001206
2016-04-15,1.0794,-0.00034500000000000004
2016-04-18,1.0797,0.000278
2016-04-19,1.079,-0.0006479999999999999
2016-04-20,1.0775,-0.0013900000000000002
2016-04-21,1.0759,-0.001485
2016-04-22,1.0737,-0.002045
2016-04-25,1.0706,-0.0028870000000000002
2016-04-26,1.0692,-0.001308
2016-04-27,1.0703,0.001029
2016-04-28,1.0712,0.000841
2016-04-29,1.0715,0.00028000000000000003
2016-05-03,1.0733,0.00168
2016-05-04,1.0736,0.00028000000000000003
2016-05-05,1.0742,0.000559
2016-05-06,1.0743,9.3e-05
2016-05-09,1.0752,0.000838
2016-05-10,1.0765,0.001209
2016-05-11,1.0768,0.000279
2016-05-12,1.0775,0.00065
2016-05-13,1.0783,0.000742
2016-05-16,1.0787,0.000371
2016-05-17,1.0788,9.3e-05
2016-05-18,1.0783,-0.00046300000000000003
2016-05-19,1.0779,-0.000371
2016-05-20,1.0776,-0.000278
2016-05-23,1.0782,0.000557
2016-05-24,1.0782,0.0
2016-05-25,1.0784,0.000185
2016-05-26,1.0784,0.0
2016-05-27,1.0785,9.3e-05
2016-05-30,1.0793,0.000742
2016-05-31,1.0794,9.3e-05
2016-06-01,1.0791,-0.000278
2016-06-02,1.079,-9.3e-05
2016-06-03,1.0792,0.000185
2016-06-06,1.0799,0.000649
2016-06-07,1.0794,-0.00046300000000000003
2016-06-08,1.0799,0.00046300000000000003
2016-06-13,1.08,9.3e-05
2016-06-14,1.0806,0.000556
2016-06-15,1.0811,0.00046300000000000003
2016-06-16,1.0815,0.00037
2016-06-17,1.082,0.00046199999999999995
2016-06-20,1.0825,0.00046199999999999995
2016-06-21,1.0826,9.2e-05
2016-06-22,1.0831,0.00046199999999999995
2016-06-23,1.0835,0.000369
2016-06-24,1.084,0.00046100000000000004
2016-06-27,1.0853,0.001199
2016-06-28,1.0858,0.00046100000000000004
2016-06-29,1.0858,0.0
2016-06-30,1.0868,0.000921
2016-07-01,1.0879,0.0010119999999999999
2016-07-04,1.0895,0.001471
2016-07-05,1.0899,0.00036700000000000003
2016-07-06,1.0905,0.0005510000000000001
2016-07-07,1.0919,0.0012839999999999998
2016-07-08,1.092,9.2e-05
2016-07-11,1.0921,9.2e-05
2016-07-12,1.0923,0.000183
2016-07-13,1.0927,0.000366
2016-07-14,1.093,0.000275
2016-07-15,1.0935,0.000457
2016-07-18,1.0934,-9.1e-05
2016-07-19,1.0939,0.000457
2016-07-20,1.0948,0.000823
2016-07-21,1.0962,0.0012790000000000002
2016-07-22,1.0964,0.000182
2016-07-25,1.0961,-0.000274
2016-07-26,1.0967,0.000547
2016-07-27,1.0969,0.000182
2016-07-28,1.0976,0.000638
2016-07-29,1.098,0.000364
2016-08-01,1.0984,0.000364
2016-08-02,1.0989,0.000455
2016-08-03,1.0998,0.000819
2016-08-04,1.1001,0.000273
2016-08-05,1.1005,0.000364
2016-08-08,1.1017,0.00109
2016-08-09,1.1024,0.000635
2016-08-10,1.1031,0.000635
2016-08-11,1.1032,9.1e-05
2016-08-12,1.1041,0.0008160000000000001
2016-08-15,1.106,0.001721
2016-08-16,1.1057,-0.000271
2016-08-17,1.1053,-0.000362
2016-08-18,1.1055,0.000181
2016-08-19,1.105,-0.000452
2016-08-22,1.1049,-8.999999999999999e-05
2016-08-23,1.1039,-0.000905
2016-08-24,1.1034,-0.000453
2016-08-25,1.1033,-9.1e-05
2016-08-26,1.1039,0.000544
2016-08-29,1.1037,-0.000181
2016-08-30,1.1026,-0.000997
2016-08-31,1.1029,0.000272
2016-09-01,1.1029,0.0
2016-09-02,1.1032,0.000272
2016-09-05,1.1035,0.000272
2016-09-06,1.1034,-9.1e-05
2016-09-07,1.1033,-9.1e-05
2016-09-08,1.1036,0.000272
2016-09-09,1.1046,0.000906
2016-09-12,1.1041,-0.000453
2016-09-13,1.1045,0.000362
2016-09-14,1.1046,9.1e-05
2016-09-19,1.1049,0.000272
2016-09-20,1.1051,0.000181
2016-09-21,1.1053,0.000181
2016-09-22,1.1059,0.000543
2016-09-23,1.1064,0.000452
2016-09-26,1.1068,0.000362
2016-09-27,1.1067,-8.999999999999999e-05
2016-09-28,1.1068,8.999999999999999e-05
2016-09-29,1.1071,0.000271
2016-09-30,1.1072,8.999999999999999e-05
2016-10-10,1.1094,0.001987
2016-10-11,1.1095,8.999999999999999e-05
2016-10-12,1.1094,-8.999999999999999e-05
2016-10-13,1.1099,0.000451
2016-10-14,1.1103,0.00035999999999999997
2016-10-17,1.1107,0.00035999999999999997
2016-10-18,1.1112,0.00045
2016-10-19,1.1117,0.00045
2016-10-20,1.1123,0.00054
2016-10-21,1.1125,0.00017999999999999998
2016-10-24,1.1127,0.00017999999999999998
2016-10-25,1.1122,-0.000449
2016-10-26,1.1107,-0.001349
2016-10-27,1.1104,-0.00027
2016-10-28,1.111,0.00054
2016-10-31,1.1101,-0.0008100000000000001
2016-11-01,1.11,-8.999999999999999e-05
2016-11-02,1.11,0.0
2016-11-03,1.1106,0.000541
2016-11-04,1.1109,0.00027
2016-11-07,1.1108,-8.999999999999999e-05
2016-11-08,1.1105,-0.00027
2016-11-09,1.1106,8.999999999999999e-05
2016-11-10,1.1102,-0.00035999999999999997
2016-11-11,1.1099,-0.00027
2016-11-14,1.1091,-0.000721
2016-11-15,1.1079,-0.001082
2016-11-16,1.1076,-0.000271
2016-11-17,1.1063,-0.0011740000000000001
2016-11-18,1.1054,-0.000814
2016-11-21,1.1056,0.000181
2016-11-22,1.106,0.000362
2016-11-23,1.106,0.0
2016-11-24,1.1062,0.000181
2016-11-25,1.1059,-0.000271
2016-11-28,1.1062,0.000271
2016-11-29,1.1043,-0.0017180000000000001
2016-11-30,1.1007,-0.0032600000000000003
2016-12-01,1.0978,-0.002635
2016-12-02,1.0957,-0.001913
2016-12-05,1.0939,-0.001643
2016-12-06,1.0908,-0.0028339999999999997
2016-12-07,1.0914,0.00055
2016-12-08,1.0923,0.000825
2016-12-09,1.0926,0.000275
2016-12-12,1.09,-0.0023799999999999997
2016-12-13,1.0882,-0.001651
2016-12-14,1.0864,-0.0016539999999999999
2016-12-15,1.082,-0.004050000000000001
2016-12-16,1.0816,-0.00037
2016-12-19,1.0805,-0.001017
2016-12-20,1.0784,-0.001944
2016-12-21,1.0791,0.000649
2016-12-22,1.0807,0.001483
2016-12-23,1.0823,0.0014810000000000001
2016-12-26,1.0831,0.000739
2016-12-27,1.0839,0.000739
2016-12-28,1.084,9.2e-05
2016-12-29,1.0849,0.00083
2016-12-30,1.0877,0.002581
2016-12-31,1.0878,9.2e-05
2017-01-03,1.0876,-9.2e-05
2017-01-04,1.0882,0.000552
2017-01-05,1.0882,0.0
2017-01-06,1.0882,0.0
2017-01-09,1.0885,0.000276
2017-01-10,1.0891,0.0005510000000000001
2017-01-11,1.0892,9.2e-05
2017-01-12,1.0892,0.0
2017-01-13,1.0893,9.2e-05
2017-01-16,1.0892,-9.2e-05
2017-01-17,1.0886,-0.0005510000000000001
2017-01-18,1.0876,-0.000919
2017-01-19,1.0873,-0.000276
2017-01-20,1.0876,0.000276
2017-01-23,1.0886,0.000919
2017-01-24,1.0886,0.0
2017-01-25,1.0883,-0.000276
2017-01-26,1.0885,0.000184
2017-02-03,1.0886,9.2e-05
2017-02-06,1.0877,-0.0008269999999999999
2017-02-07,1.0869,-0.000735
2017-02-08,1.0866,-0.000276
2017-02-09,1.0868,0.000184
2017-02-10,1.0872,0.000368
2017-02-13,1.0878,0.000552
2017-02-14,1.0878,0.0
2017-02-15,1.0878,0.0
2017-02-16,1.0879,9.2e-05
2017-02-17,1.088,9.2e-05
2017-02-20,1.0884,0.000368
2017-02-21,1.0892,0.000735
2017-02-22,1.0892,0.0
2017-02-23,1.0896,0.00036700000000000003
2017-02-24,1.0901,0.00045900000000000004
2017-02-27,1.0901,0.0
2017-02-28,1.0899,-0.000183
2017-03-01,1.0899,0.0
2017-03-02,1.0898,-9.2e-05
2017-03-03,1.0894,-0.00036700000000000003
2017-03-06,1.0895,9.2e-05
2017-03-07,1.0892,-0.000275
2017-03-08,1.089,-0.000184
2017-03-09,1.0886,-0.00036700000000000003
2017-03-10,1.0882,-0.00036700000000000003
2017-03-13,1.088,-0.000184
2017-03-14,1.0879,-9.2e-05
2017-03-15,1.0879,0.0
2017-03-16,1.0884,0.00046
2017-03-17,1.0885,9.2e-05
2017-03-20,1.088,-0.00045900000000000004
2017-03-21,1.0873,-0.0006429999999999999
2017-03-22,1.0874,9.2e-05
2017-03-23,1.0875,9.2e-05
2017-03-24,1.0886,0.001011
2017-03-27,1.0901,0.001378
2017-03-28,1.0904,0.000275
2017-03-29,1.0905,9.2e-05
2017-03-30,1.0901,-0.00036700000000000003
2017-03-31,1.0905,0.00036700000000000003
2017-04-05,1.0911,0.00055
2017-04-06,1.0912,9.2e-05
2017-04-07,1.0916,0.00036700000000000003
2017-04-10,1.092,0.000366
2017-04-11,1.0917,-0.000275
2017-04-12,1.0917,0.0
2017-04-13,1.0917,0.0
2017-04-14,1.091,-0.0006410000000000001
2017-04-17,1.0903,-0.0006419999999999999
2017-04-18,1.0899,-0.00036700000000000003
2017-04-19,1.0895,-0.00036700000000000003
2017-04-20,1.0892,-0.000275
2017-04-21,1.0887,-0.00045900000000000004
2017-04-24,1.0879,-0.000735
2017-04-25,1.0879,0.0
2017-04-26,1.0878,-9.2e-05
2017-04-27,1.0878,0.0
2017-04-28,1.088,0.000184
2017-05-02,1.0879,-9.2e-05
2017-05-03,1.088,9.2e-05
2017-05-04,1.0876,-0.000368
2017-05-05,1.0875,-9.2e-05
2017-05-08,1.0857,-0.001655
2017-05-09,1.0855,-0.000184
2017-05-10,1.0853,-0.000184
2017-05-11,1.0789,-0.005897
2017-05-12,1.0791,0.000185
2017-05-15,1.0793,0.000185
2017-05-16,1.0792,-9.3e-05
2017-05-17,1.0792,0.0
2017-05-18,1.0791,-9.3e-05
2017-05-19,1.0792,9.3e-05
2017-05-22,1.0794,0.000185
2017-05-23,1.0794,0.0
2017-05-24,1.0796,0.000185
2017-05-25,1.0795,-9.3e-05
2017-05-26,1.0796,9.3e-05
2017-05-31,1.08,0.000371
2017-06-01,1.08,0.0
2017-06-02,1.0802,0.000185
2017-06-05,1.0804,0.000185
2017-06-06,1.0805,9.3e-05
2017-06-07,1.0806,9.3e-05
2017-06-08,1.0803,-0.000278
2017-06-09,1.0801,-0.000185
2017-06-12,1.0805,0.00037
2017-06-13,1.081,0.00046300000000000003
2017-06-14,1.0816,0.000555
2017-06-15,1.0822,0.000555
2017-06-16,1.0825,0.000277
2017-06-19,1.0833,0.000739
2017-06-20,1.0839,0.000554
2017-06-21,1.0849,0.0009229999999999999
2017-06-22,1.0851,0.000184
2017-06-23,1.0855,0.000369
2017-06-26,1.087,0.001382
2017-06-27,1.0879,0.000828
2017-06-28,1.0876,-0.000276
2017-06-29,1.0879,0.000276
2017-06-30,1.0879,0.0
2017-07-03,1.0875,-0.000368
2017-07-04,1.0875,0.0
2017-07-05,1.0885,0.00092
2017-07-06,1.0895,0.000919
2017-07-07,1.0898,0.000275
2017-07-10,1.0898,0.0
2017-07-11,1.0901,0.000275
2017-07-12,1.0905,0.00036700000000000003
2017-07-13,1.0914,0.000825
2017-07-14,1.0925,0.001008
2017-07-17,1.0936,0.001007
2017-07-18,1.0926,-0.000914
2017-07-19,1.0933,0.0006410000000000001
2017-07-20,1.0942,0.000823
2017-07-21,1.094,-0.000183
2017-07-24,1.0947,0.00064
2017-07-25,1.0942,-0.000457
2017-07-26,1.0941,-9.1e-05
2017-07-27,1.0943,0.000183
2017-07-28,1.0945,0.000183
2017-07-31,1.0952,0.00064
2017-08-01,1.0954,0.000183
2017-08-02,1.096,0.000548
2017-08-03,1.0959,-9.1e-05
2017-08-04,1.0958,-9.1e-05
2017-08-07,1.0956,-0.000183
2017-08-08,1.0956,0.0
2017-08-09,1.0952,-0.000365
2017-08-10,1.0953,9.1e-05
2017-08-11,1.0952,-9.1e-05
2017-08-14,1.0956,0.000365
2017-08-15,1.0957,9.1e-05
2017-08-16,1.096,0.000274
2017-08-17,1.0968,0.00073
2017-08-18,1.0964,-0.000365
2017-08-21,1.0962,-0.000182
2017-08-22,1.0961,-9.1e-05
2017-08-23,1.0961,0.0
2017-08-24,1.0956,-0.000456
2017-08-25,1.0968,0.001095
2017-08-28,1.0976,0.000729
2017-08-29,1.0971,-0.000456
2017-08-30,1.0965,-0.000547
2017-08-31,1.0962,-0.000274
2017-09-01,1.0966,0.000365
2017-09-04,1.0968,0.000182
2017-09-05,1.0963,-0.000456
2017-09-06,1.0965,0.000182
2017-09-07,1.0963,-0.000182
2017-09-08,1.0967,0.000365
2017-09-11,1.0963,-0.000365
2017-09-12,1.0957,-0.000547
2017-09-13,1.0954,-0.000274
2017-09-14,1.0954,0.0
2017-09-15,1.0955,9.1e-05
2017-09-18,1.0951,-0.000365
2017-09-19,1.0949,-0.000183
2017-09-20,1.0952,0.000274
2017-09-21,1.095,-0.000183
2017-09-22,1.0947,-0.000274
2017-09-25,1.0944,-0.000274
2017-09-26,1.0939,-0.000457
2017-09-27,1.0939,0.0
2017-09-28,1.0942,0.000274
2017-09-29,1.0949,0.00064
2017-10-09,1.0959,0.0009130000000000001
2017-10-10,1.0961,0.000182
2017-10-11,1.0964,0.000274
2017-10-12,1.0962,-0.000182
2017-10-13,1.0966,0.000365
2017-10-16,1.0964,-0.000182
2017-10-17,1.0965,9.1e-05
2017-10-18,1.0963,-0.000182
2017-10-19,1.0962,-9.1e-05
2017-10-20,1.0963,9.1e-05
2017-10-23,1.0964,9.1e-05
2017-10-24,1.0962,-0.000182
2017-10-25,1.096,-0.000182
2017-10-26,1.0958,-0.000182
2017-10-27,1.0957,-9.1e-05
2017-10-30,1.0951,-0.000548
2017-10-31,1.0953,0.000183
2017-11-01,1.0957,0.000365
2017-11-02,1.0956,-9.1e-05
2017-11-03,1.0953,-0.000274
2017-11-06,1.0952,-9.1e-05
2017-11-07,1.0954,0.000183
2017-11-08,1.0954,0.0
2017-11-09,1.0953,-9.1e-05
2017-11-10,1.0952,-9.1e-05
2017-11-13,1.0954,0.000183
2017-11-14,1.0949,-0.000456
2017-11-15,1.094,-0.0008219999999999999
2017-11-16,1.0941,9.1e-05
2017-11-17,1.0941,0.0
2017-11-20,1.0944,0.000274
2017-11-21,1.0942,-0.000183
2017-11-22,1.0941,-9.1e-05
2017-11-23,1.0934,-0.00064
2017-11-24,1.093,-0.000366
2017-11-27,1.0928,-0.000183
2017-11-28,1.0922,-0.000549
2017-11-29,1.0919,-0.000275
2017-11-30,1.0917,-0.000183
2017-12-01,1.0909,-0.000733
2017-12-04,1.0906,-0.000275
2017-12-05,1.0906,0.0
2017-12-06,1.0907,9.2e-05
2017-12-07,1.0912,0.000458
2017-12-08,1.0916,0.00036700000000000003
2017-12-11,1.0919,0.000275
2017-12-12,1.0915,-0.000366
2017-12-13,1.0918,0.000275
2017-12-14,1.0918,0.0
2017-12-15,1.0917,-9.2e-05
2017-12-18,1.0917,0.0
2017-12-19,1.0916,-9.2e-05
2017-12-20,1.0915,-9.2e-05
2017-12-21,1.0915,0.0
2017-12-22,1.0915,0.0
2017-12-25,1.0917,0.000183
2017-12-26,1.0917,0.0
2017-12-27,1.0916,-9.2e-05
2017-12-28,1.0915,-9.2e-05
2017-12-29,1.092,0.000458
2017-12-31,1.0922,0.0
2018-01-02,1.0937,0.001557
2018-01-03,1.0944,0.00064
2018-01-04,1.0952,0.000731
2018-01-05,1.0963,0.0010040000000000001
2018-01-08,1.0968,0.000456
2018-01-09,1.0964,-0.000365
2018-01-10,1.0961,-0.000274
2018-01-11,1.096,-9.1e-05
2018-01-12,1.0959,-9.1e-05
2018-01-15,1.096,9.1e-05
2018-01-16,1.0962,0.000182
2018-01-17,1.0963,9.1e-05
2018-01-18,1.0964,9.1e-05
2018-01-19,1.0967,0.000274
2018-01-22,1.0974,0.000638
2018-01-23,1.0977,0.000273
2018-01-24,1.0988,0.001002
2018-01-25,1.0993,0.000455
2018-01-26,1.0993,0.0
2018-01-29,1.0989,-0.000364
2018-01-30,1.0989,0.0
2018-01-31,1.0992,0.000273
2018-02-01,1.0991,-9.1e-05
2018-02-02,1.0994,0.000273
2018-02-05,1.0997,0.000273
2018-02-06,1.0998,9.1e-05
2018-02-07,1.0998,0.0
2018-02-08,1.0998,0.0
2018-02-09,1.0994,-0.000364
2018-02-12,1.0999,0.000455
2018-02-13,1.1003,0.000364
2018-02-14,1.1005,0.000182
2018-02-22,1.102,0.001363
2018-02-23,1.1023,0.000272
2018-02-26,1.1031,0.000726
2018-02-27,1.1031,0.0
2018-02-28,1.1034,0.000272
2018-03-01,1.1035,9.1e-05
2018-03-02,1.1037,0.000181
2018-03-05,1.1037,0.0
2018-03-06,1.104,0.000272
2018-03-07,1.104,0.0
2018-03-08,1.1041,9.1e-05
2018-03-09,1.1043,0.000181
2018-03-12,1.105,0.000634
2018-03-13,1.1055,0.000452
2018-03-14,1.1055,0.0
2018-03-15,1.1053,-0.000181
2018-03-16,1.1054,8.999999999999999e-05
2018-03-19,1.1055,8.999999999999999e-05
2018-03-20,1.106,0.000452
2018-03-21,1.1063,0.000271
2018-03-22,1.1068,0.000452
2018-03-23,1.1071,0.000271
2018-03-26,1.1075,0.000361
2018-03-27,1.107,-0.000451
2018-03-28,1.107,0.0
2018-03-29,1.1073,0.000271
2018-03-30,1.1074,8.999999999999999e-05
2018-04-02,1.1079,0.000452
2018-04-03,1.1084,0.000451
2018-04-04,1.1089,0.000451
2018-04-09,1.11,0.000992
2018-04-10,1.1103,0.00027
2018-04-11,1.1107,0.00035999999999999997
2018-04-12,1.1106,-8.999999999999999e-05
2018-04-13,1.1105,-8.999999999999999e-05
2018-04-16,1.1112,0.00063
2018-04-17,1.112,0.0007199999999999999
2018-04-18,1.1168,0.004317
2018-04-19,1.1161,-0.0006270000000000001
2018-04-20,1.1158,-0.000269
2018-04-23,1.1144,-0.001255
2018-04-24,1.1142,-0.000179
2018-04-25,1.1143,8.999999999999999e-05
2018-04-26,1.1138,-0.000449
2018-04-27,1.1133,-0.000449
2018-05-02,1.113,-0.000269
2018-05-03,1.1132,0.00017999999999999998
2018-05-04,1.1135,0.000269
2018-05-07,1.1137,0.00017999999999999998
2018-05-08,1.1134,-0.000269
2018-05-09,1.1128,-0.000539
2018-05-10,1.1129,8.999999999999999e-05
2018-05-11,1.1127,-0.00017999999999999998
2018-05-14,1.1127,0.0
2018-05-15,1.1125,-0.00017999999999999998
2018-05-16,1.1117,-0.000719
2018-05-17,1.1118,8.999999999999999e-05
2018-05-18,1.1118,0.0
2018-05-21,1.1119,8.999999999999999e-05
2018-05-22,1.1125,0.00054
2018-05-23,1.1124,-8.999999999999999e-05
2018-05-24,1.1122,-0.00017999999999999998
2018-05-25,1.1122,0.0
2018-05-28,1.112,-0.00017999999999999998
2018-05-29,1.1109,-0.000989
2018-05-30,1.1103,-0.00054
2018-05-31,1.1104,8.999999999999999e-05
2018-06-01,1.1106,0.00017999999999999998
2018-06-04,1.1097,-0.0008100000000000001
2018-06-05,1.1097,0.0
2018-06-06,1.1101,0.00035999999999999997
2018-06-07,1.1099,-0.00017999999999999998
2018-06-08,1.1094,-0.00045
2018-06-11,1.1097,0.00027
2018-06-12,1.1099,0.00017999999999999998
2018-06-13,1.1092,-0.000631
2018-06-14,1.1091,-8.999999999999999e-05
2018-06-15,1.1079,-0.001082
2018-06-19,1.106,-0.0017150000000000002
2018-06-20,1.1059,-8.999999999999999e-05
2018-06-21,1.1054,-0.000452
2018-06-22,1.1054,0.0
2018-06-25,1.1025,-0.002623
2018-06-26,1.1026,9.1e-05
2018-06-27,1.1044,0.001633
2018-06-28,1.1049,0.000453
2018-06-29,1.1061,0.001086
2018-06-30,1.1061,0.0
2018-07-02,1.1058,-0.000271
2018-07-03,1.1065,0.000633
2018-07-04,1.1065,0.0
2018-07-05,1.1079,0.001265
2018-07-06,1.109,0.000993
2018-07-09,1.1099,0.0008119999999999999
2018-07-10,1.1097,-0.00017999999999999998
2018-07-11,1.1095,-0.00017999999999999998
2018-07-12,1.1103,0.000721
2018-07-13,1.1108,0.00045
2018-07-16,1.1108,0.0
2018-07-17,1.1105,-0.00027
2018-07-18,1.1115,0.0009
2018-07-19,1.113,0.00135
2018-07-20,1.1157,0.002426
2018-07-23,1.1162,0.000448
2018-07-24,1.1167,0.000448
2018-07-25,1.1169,0.000179
2018-07-26,1.1176,0.0006270000000000001
2018-07-27,1.1176,0.0
2018-07-30,1.1168,-0.000716
2018-07-31,1.1175,0.0006270000000000001
2018-08-01,1.1183,0.000716
2018-08-02,1.1201,0.00161
2018-08-03,1.1208,0.000625
2018-08-06,1.1211,0.000268
2018-08-07,1.1228,0.0015160000000000002
2018-08-08,1.1226,-0.000178
2018-08-09,1.1219,-0.000624
2018-08-10,1.1202,-0.0015149999999999999
2018-08-13,1.1202,0.0
2018-08-14,1.1197,-0.000446
2018-08-15,1.1197,0.0
2018-08-16,1.1197,0.0
2018-08-17,1.119,-0.000625
2018-08-20,1.1186,-0.000357
2018-08-21,1.1183,-0.000268
2018-08-22,1.1179,-0.000358
2018-08-23,1.1181,0.000179
2018-08-24,1.1184,0.000268
2018-08-27,1.1184,0.0
2018-08-28,1.1178,-0.000536
2018-08-29,1.118,0.000179
2018-08-30,1.118,0.0
2018-08-31,1.1182,0.000179
2018-09-03,1.1182,0.0
2018-09-04,1.1181,-8.9e-05
2018-09-05,1.1184,0.000268
2018-09-06,1.1182,-0.000179
2018-09-07,1.1182,0.0
2018-09-10,1.1182,0.0
2018-09-11,1.1178,-0.000358
2018-09-12,1.1174,-0.000358
2018-09-13,1.1176,0.000179
2018-09-14,1.1178,0.000179
2018-09-17,1.1183,0.00044699999999999997
2018-09-18,1.1186,0.000268
2018-09-19,1.1185,-8.9e-05
2018-09-20,1.1184,-8.9e-05
2018-09-21,1.1186,0.000179
2018-09-25,1.1185,-8.9e-05
2018-09-26,1.0246,8.9e-05
2018-09-27,1.0251,0.00048800000000000004
2018-09-28,1.0257,0.000585
2018-10-08,1.0266,0.000877
2018-10-09,1.0272,0.000584
2018-10-10,1.0278,0.000584
2018-10-11,1.0285,0.000681
2018-10-12,1.0294,0.0008749999999999999
2018-10-15,1.0303,0.0008740000000000001
2018-10-16,1.0309,0.000582
2018-10-17,1.031,9.7e-05
2018-10-18,1.0314,0.000388
2018-10-19,1.0317,0.000291
2018-10-22,1.0319,0.000194
2018-10-23,1.0319,0.0
2018-10-24,1.0321,0.000194
2018-10-25,1.0323,0.000194
2018-10-26,1.0323,0.0
2018-10-29,1.033,0.000678
2018-10-30,1.0334,0.000387
2018-10-31,1.0336,0.000194
2018-11-01,1.0341,0.000484
2018-11-02,1.034,-9.7e-05
2018-11-05,1.0339,-9.7e-05
2018-11-06,1.0346,0.000677
2018-11-07,1.0351,0.00048300000000000003
2018-11-08,1.0361,0.0009660000000000001
2018-11-09,1.0367,0.000579
2018-11-12,1.0373,0.000579
2018-11-13,1.0376,0.000289
2018-11-14,1.0395,0.0018310000000000002
2018-11-15,1.0411,0.001539
2018-11-16,1.0423,0.001153
2018-11-19,1.0436,0.001247
2018-11-20,1.0431,-0.000479
2018-11-21,1.0435,0.000383
2018-11-22,1.0433,-0.00019199999999999998
2018-11-23,1.0427,-0.000575
2018-11-26,1.0428,9.599999999999999e-05
2018-11-27,1.0426,-0.00019199999999999998
2018-11-28,1.0422,-0.00038399999999999996
2018-11-29,1.0422,0.0
2018-11-30,1.0423,9.599999999999999e-05
2018-12-03,1.0427,0.00038399999999999996
2018-12-04,1.0432,0.00048
2018-12-05,1.0442,0.000959
2018-12-06,1.0448,0.000575
2018-12-07,1.0452,0.000383
2018-12-10,1.0454,0.00019099999999999998
2018-12-11,1.0457,0.000287
2018-12-12,1.0458,9.599999999999999e-05
2018-12-13,1.045,-0.000765
2018-12-14,1.0447,-0.000287
2018-12-17,1.044,-0.00067
2018-12-18,1.0423,-0.001628
2018-12-19,1.0417,-0.000576
2018-12-20,1.0417,0.0
2018-12-21,1.0424,0.000672
2018-12-24,1.043,0.000576
2018-12-25,1.0423,-0.000671
2018-12-26,1.0421,-0.00019199999999999998
2018-12-27,1.042,-9.599999999999999e-05
2018-12-28,1.0432,0.001152
2018-12-31,1.0433,0.0
2019-01-02,1.0444,0.00115
2019-01-03,1.0468,0.002298
2019-01-04,1.0473,0.000478
2019-01-07,1.049,0.001623
2019-01-08,1.051,0.001907
2019-01-09,1.0527,0.001618
2019-01-10,1.0537,0.00095
2019-01-11,1.0541,0.00037999999999999997
2019-01-14,1.0541,0.0
2019-01-15,1.0543,0.00018999999999999998
2019-01-16,1.0543,0.0
2019-01-17,1.0548,0.000474
2019-01-18,1.0557,0.000853
2019-01-21,1.0563,0.000568
2019-01-22,1.0571,0.0007570000000000001
2019-01-23,1.0598,0.0025540000000000003
2019-01-24,1.0584,-0.001321
2019-01-25,1.0594,0.000945
2019-01-28,1.0595,9.400000000000001e-05
2019-01-29,1.0597,0.000189
2019-01-30,1.0604,0.000661
2019-01-31,1.0606,0.000189
2019-02-01,1.0611,0.000471
2019-02-11,1.0617,0.000565
2019-02-12,1.0625,0.0007539999999999999
2019-02-13,1.0633,0.0007530000000000001
2019-02-14,1.0644,0.001035
2019-02-15,1.0644,0.0
2019-02-18,1.0655,0.001033
2019-02-19,1.065,-0.00046899999999999996
2019-02-20,1.0647,-0.00028199999999999997
2019-02-21,1.0647,0.0
2019-02-22,1.0661,0.001315
2019-02-25,1.0678,0.001595
2019-02-26,1.0664,-0.0013109999999999999
2019-02-27,1.0656,-0.00075
2019-02-28,1.0644,-0.001126
2019-03-01,1.0654,0.000939
2019-03-04,1.0652,-0.00018800000000000002
2019-03-05,1.066,0.000751
2019-03-06,1.0667,0.0006569999999999999
2019-03-07,1.0663,-0.000375
2019-03-08,1.0651,-0.0011250000000000001
2019-03-11,1.0667,0.001502
2019-03-12,1.0678,0.001031
2019-03-13,1.0671,-0.000656
2019-03-14,1.0668,-0.000281
2019-03-15,1.0671,0.000281
2019-03-18,1.0682,0.001031
2019-03-19,1.0681,-9.400000000000001e-05
2019-03-20,1.0677,-0.00037400000000000004
2019-03-21,1.0695,0.001686
2019-03-22,1.0695,0.0
2019-03-25,1.0686,-0.000842
2019-03-26,1.0682,-0.00037400000000000004
2019-03-27,1.0685,0.000281
2019-03-28,1.0684,-9.400000000000001e-05
2019-03-29,1.0704,0.001872
2019-04-01,1.0723,0.0017749999999999999
2019-04-02,1.0731,0.000746
2019-04-03,1.0728,-0.00028000000000000003
2019-04-04,1.0744,0.0014910000000000001
2019-04-08,1.0787,0.004002
2019-04-09,1.0769,-0.001669
2019-04-10,1.0751,-0.001671
2019-04-11,1.0751,0.0
2019-04-12,1.0741,-0.0009299999999999999
2019-04-15,1.0714,-0.002514
2019-04-16,1.0702,-0.0011200000000000001
2019-04-17,1.07,-0.00018700000000000002
2019-04-18,1.0689,-0.001028
2019-04-19,1.0686,-0.000281
2019-04-22,1.066,-0.002433
2019-04-23,1.0666,0.000563
2019-04-24,1.0657,-0.000844
2019-04-25,1.0641,-0.0015010000000000002
2019-04-26,1.0641,0.0
2019-04-29,1.0637,-0.00037600000000000003
2019-04-30,1.0656,0.001786
2019-05-06,1.0647,-0.000845
2019-05-07,1.065,0.00028199999999999997
2019-05-08,1.0652,0.00018800000000000002
2019-05-09,1.0661,0.000845
2019-05-10,1.0653,-0.00075
2019-05-13,1.0655,0.00018800000000000002
2019-05-14,1.0653,-0.00018800000000000002
2019-05-15,1.0639,-0.0013139999999999998
2019-05-16,1.0637,-0.00018800000000000002
2019-05-17,1.0624,-0.001222
2019-05-20,1.0625,9.400000000000001e-05
2019-05-21,1.0629,0.00037600000000000003
2019-05-22,1.0634,0.00047
2019-05-23,1.0634,0.0
2019-05-24,1.0633,-9.400000000000001e-05
2019-05-27,1.0625,-0.0007520000000000001
2019-05-28,1.0624,-9.400000000000001e-05
2019-05-29,1.0628,0.00037699999999999995
2019-05-30,1.0628,0.0
2019-05-31,1.0629,9.400000000000001e-05
2019-06-03,1.0632,0.00028199999999999997
2019-06-04,1.0634,0.00018800000000000002
2019-06-05,1.0632,-0.00018800000000000002
2019-06-06,1.0631,-9.400000000000001e-05
2019-06-10,1.0636,0.00047
2019-06-11,1.0631,-0.00047
2019-06-12,1.064,0.000847
2019-06-13,1.0638,-0.00018800000000000002
2019-06-14,1.0636,-0.00018800000000000002
2019-06-17,1.0633,-0.00028199999999999997
2019-06-18,1.0625,-0.0007520000000000001
2019-06-19,1.0634,0.000847
2019-06-20,1.0646,0.0011279999999999999
2019-06-21,1.0661,0.0014089999999999999
2019-06-24,1.0665,0.000375
2019-06-25,1.0659,-0.000563
2019-06-26,1.0675,0.0015010000000000002
2019-06-27,1.0678,0.000281
2019-06-28,1.0679,9.400000000000001e-05
2019-06-30,1.0679,0.0
2019-07-01,1.0683,0.000375
2019-07-02,1.0692,0.000842
2019-07-03,1.0703,0.001029
2019-07-04,1.0718,0.0014010000000000001
2019-07-05,1.0716,-0.00018700000000000002
2019-07-08,1.0715,-9.3e-05
2019-07-09,1.072,0.00046699999999999997
2019-07-10,1.0715,-0.00046600000000000005
2019-07-11,1.0716,9.3e-05
2019-07-12,1.0717,9.3e-05
2019-07-15,1.0721,0.000373
2019-07-16,1.072,-9.3e-05
2019-07-17,1.072,0.0
2019-07-18,1.072,0.0
2019-07-19,1.0722,0.00018700000000000002
2019-07-22,1.0721,-9.3e-05
2019-07-23,1.0724,0.00028000000000000003
2019-07-24,1.0725,9.3e-05
2019-07-25,1.0728,0.00028000000000000003
2019-07-26,1.0732,0.000373
2019-07-29,1.0735,0.00028000000000000003
2019-07-30,1.0743,0.000745
2019-07-31,1.0746,0.000279
2019-08-01,1.0751,0.00046499999999999997
2019-08-02,1.0761,0.0009299999999999999
2019-08-05,1.076,-9.3e-05
2019-08-06,1.0765,0.00046499999999999997
2019-08-07,1.0769,0.000372
2019-08-08,1.0779,0.0009289999999999999
2019-08-09,1.0783,0.000371
2019-08-12,1.0787,0.000371
2019-08-13,1.079,0.000278
2019-08-14,1.0794,0.000371
2019-08-15,1.08,0.000556
2019-08-16,1.0801,9.3e-05
2019-08-19,1.0803,0.000185
2019-08-20,1.0803,0.0
2019-08-21,1.0801,-0.000185
2019-08-22,1.0798,-0.000278
2019-08-23,1.0803,0.00046300000000000003
2019-08-26,1.0795,-0.000741
2019-08-27,1.0795,0.0
2019-08-28,1.0796,9.3e-05
2019-08-29,1.0796,0.0
2019-08-30,1.0797,9.3e-05
2019-09-02,1.0797,0.0
2019-09-03,1.0794,-0.000278
2019-09-04,1.0796,0.000185
2019-09-05,1.08,0.000371
2019-09-06,1.081,0.0009260000000000001
2019-09-09,1.0815,0.00046300000000000003
2019-09-10,1.0819,0.00037
2019-09-11,1.0819,0.0
2019-09-12,1.0822,0.000277
2019-09-16,1.0809,-0.001201
2019-09-17,1.0807,-0.000185
2019-09-18,1.0807,0.0
2019-09-19,1.0808,9.3e-05
2019-09-20,1.081,0.000185
2019-09-23,1.081,0.0
2019-09-24,1.0808,-0.000185
2019-09-25,1.0806,-0.000185
2019-09-26,1.0804,-0.000185
2019-09-27,1.0804,0.0
2019-09-30,1.0804,0.0
2019-10-08,1.0803,-9.3e-05
2019-10-09,1.0809,0.000555
2019-10-10,1.0814,0.00046300000000000003
2019-10-11,1.0816,0.000185
2019-10-14,1.0821,0.00046199999999999995
2019-10-15,1.0823,0.000185
2019-10-16,1.0821,-0.000185
2019-10-17,1.0818,-0.000277
2019-10-18,1.0819,9.2e-05
2019-10-21,1.0813,-0.000555
2019-10-22,1.0811,-0.000185
2019-10-23,1.0803,-0.00074
2019-10-24,1.0804,9.3e-05
2019-10-25,1.0805,9.3e-05
2019-10-28,1.0808,0.000278
2019-10-29,1.0808,0.0
2019-10-30,1.0799,-0.000833
2019-10-31,1.0799,0.0
2019-11-01,1.0798,-9.3e-05
2019-11-04,1.0801,0.000278
2019-11-05,1.081,0.000833
2019-11-06,1.0817,0.0006479999999999999
2019-11-07,1.0817,0.0
2019-11-08,1.0819,0.000185
2019-11-11,1.0817,-0.000185
2019-11-12,1.0819,0.000185
2019-11-13,1.0824,0.00046199999999999995
2019-11-14,1.0827,0.000277
2019-11-15,1.082,-0.0006469999999999999
2019-11-18,1.0824,0.00037
2019-11-19,1.0827,0.000277
2019-11-20,1.0826,-9.2e-05
2019-11-21,1.0835,0.0008309999999999999
2019-11-22,1.0836,9.2e-05
2019-11-25,1.0839,0.000277
2019-11-26,1.0839,0.0
2019-11-27,1.0842,0.000277
2019-11-28,1.0844,0.000184
2019-11-29,1.0841,-0.000277
2019-12-02,1.0842,9.2e-05
2019-12-03,1.0839,-0.000277
2019-12-04,1.084,9.2e-05
2019-12-05,1.0841,9.2e-05
2019-12-06,1.0845,0.000369
2019-12-09,1.0847,0.000184
2019-12-10,1.0849,0.000184
2019-12-11,1.0848,-9.2e-05
2019-12-12,1.0851,0.000277
2019-12-13,1.0858,0.0006450000000000001
2019-12-16,1.088,0.002026
2019-12-17,1.0914,0.003125
2019-12-18,1.0889,-0.002291
2019-12-19,1.0894,0.00045900000000000004
2019-12-20,1.089,-0.00036700000000000003
2019-12-23,1.0888,-0.000184
2019-12-24,1.0901,0.001194
2019-12-25,1.0911,0.0009170000000000001
2019-12-26,1.0921,0.0009170000000000001
2019-12-27,1.0917,-0.000366
2019-12-30,1.0928,0.001008
2019-12-31,1.0948,0.00183
2020-01-02,1.096,0.001096
2020-01-03,1.0982,0.002007
2020-01-06,1.099,0.000728
2020-01-07,1.1015,0.002275
2020-01-08,1.1011,-0.000363
2020-01-09,1.102,0.0008169999999999999
2020-01-10,1.1042,0.001996
2020-01-13,1.1052,0.000906
2020-01-14,1.1053,8.999999999999999e-05
2020-01-15,1.1055,0.000181
2020-01-16,1.1049,-0.000543
2020-01-17,1.1052,0.000272
2020-01-20,1.1078,0.002353
2020-01-21,1.1093,0.001354
2020-01-22,1.1098,0.000451
2020-01-23,1.1089,-0.0008110000000000001
2020-02-03,1.1073,-0.001443
2020-02-04,1.1064,-0.0008129999999999999
2020-02-05,1.1065,8.999999999999999e-05
2020-02-06,1.1081,0.001446
2020-02-07,1.1085,0.000361
2020-02-10,1.1083,-0.00017999999999999998
2020-02-11,1.1112,0.002617
2020-02-12,1.111,-0.00017999999999999998
2020-02-13,1.1117,0.00063
2020-02-14,1.1121,0.00035999999999999997
2020-02-17,1.1142,0.001888
2020-02-18,1.1133,-0.000808
2020-02-19,1.1151,0.0016170000000000002
2020-02-20,1.1162,0.000986
2020-02-21,1.1173,0.000985
2020-02-24,1.1212,0.003491
2020-02-25,1.1223,0.000981
2020-02-26,1.1232,0.000802
2020-02-27,1.124,0.000712
2020-02-28,1.1203,-0.003292
2020-03-02,1.1228,0.002232
2020-03-03,1.1238,0.000891
2020-03-04,1.1242,0.000356
2020-03-05,1.1253,0.000978
2020-03-06,1.1261,0.0007109999999999999
2020-03-09,1.1236,-0.00222
2020-03-10,1.1241,0.000445
2020-03-11,1.1243,0.000178
2020-03-12,1.1235,-0.000712
2020-03-13,1.1225,-0.00089
2020-03-16,1.1221,-0.000356
2020-03-17,1.1206,-0.001337
2020-03-18,1.1211,0.000446
2020-03-19,1.1202,-0.000803
2020-03-20,1.1209,0.000625
2020-03-23,1.1192,-0.0015170000000000001
2020-03-24,1.1195,0.000268
2020-03-25,1.1202,0.000625
2020-03-26,1.1192,-0.000893
2020-03-27,1.119,-0.000179
2020-03-30,1.1184,-0.000536
2020-03-31,1.1184,0.0
2020-04-01,1.1187,0.000268
2020-04-02,1.1186,-8.9e-05
2020-04-03,1.1186,0.0
2020-04-07,1.1213,0.002414
2020-04-08,1.1224,0.000981
2020-04-09,1.124,0.001426
2020-04-10,1.1235,-0.000445
2020-04-13,1.1229,-0.0005340000000000001
2020-04-14,1.1233,0.000356
2020-04-15,1.1231,-0.000178
2020-04-16,1.1238,0.000623
2020-04-17,1.1238,0.0
2020-04-20,1.124,0.000178
2020-04-21,1.1236,-0.000356
2020-04-22,1.1241,0.000445
2020-04-23,1.1252,0.000979
2020-04-24,1.1253,8.9e-05
2020-04-27,1.1257,0.00035499999999999996
2020-04-28,1.1254,-0.00026700000000000004
2020-04-29,1.1253,-8.9e-05
2020-04-30,1.126,0.0006219999999999999
2020-05-06,1.1258,-0.000178
2020-05-07,1.1249,-0.000799
2020-05-08,1.1246,-0.00026700000000000004
2020-05-11,1.1244,-0.000178
2020-05-12,1.1241,-0.00026700000000000004
2020-05-13,1.1254,0.001156
2020-05-14,1.1232,-0.001955
2020-05-15,1.123,-0.000178
2020-05-18,1.1225,-0.000445
2020-05-19,1.1229,0.000356
2020-05-20,1.1224,-0.000445
2020-05-21,1.1224,0.0
2020-05-22,1.1223,-8.9e-05
2020-05-25,1.1213,-0.000891
2020-05-26,1.1213,0.0
2020-05-27,1.1211,-0.000178
2020-05-28,1.1212,8.9e-05
2020-05-29,1.1213,8.9e-05
2020-06-01,1.1212,-8.9e-05
2020-06-02,1.121,-0.000178
2020-06-03,1.1198,-0.00107
2020-06-04,1.1194,-0.000357
2020-06-05,1.1193,-8.9e-05
2020-06-08,1.1184,-0.000804
2020-06-09,1.1176,-0.0007149999999999999
2020-06-10,1.1172,-0.000358
2020-06-11,1.1167,-0.000448
2020-06-12,1.1171,0.000358
2020-06-15,1.1172,8.999999999999999e-05
2020-06-16,1.1171,-8.999999999999999e-05
2020-06-17,1.1171,0.0
2020-06-18,1.1168,-0.000269
2020-06-19,1.1169,8.999999999999999e-05
2020-06-22,1.1163,-0.0005369999999999999
2020-06-23,1.1155,-0.000717
2020-06-24,1.1156,8.999999999999999e-05
2020-06-29,1.1151,-0.000448
2020-06-30,1.1154,0.000269
2020-07-01,1.1156,0.000179
2020-07-02,1.1167,0.000986
2020-07-03,1.1179,0.001075
2020-07-06,1.1201,0.001968
2020-07-07,1.1197,-0.000357
2020-07-08,1.1205,0.000714
2020-07-09,1.1201,-0.000357
2020-07-10,1.1186,-0.001339
2020-07-13,1.1197,0.000983
2020-07-14,1.1184,-0.001161
2020-07-15,1.117,-0.001252
2020-07-16,1.116,-0.000895
2020-07-17,1.1162,0.000179
2020-07-20,1.1181,0.001702
2020-07-21,1.1188,0.000626
2020-07-22,1.1187,-8.9e-05
2020-07-23,1.1183,-0.000358
2020-07-24,1.1228,0.004024
2020-07-27,1.118,-0.004275
2020-07-28,1.1184,0.000358
2020-07-29,1.1187,0.000268
2020-07-30,1.1192,0.00044699999999999997
2020-07-31,1.1197,0.00044699999999999997
2020-08-03,1.1211,0.00125
2020-08-04,1.1212,8.9e-05
2020-08-05,1.1213,8.9e-05
2020-08-06,1.1211,-0.000178
2020-08-07,1.1206,-0.000446
2020-08-10,1.1209,0.000268
2020-08-11,1.1208,-8.9e-05
2020-08-12,1.1206,-0.000178
2020-08-13,1.1209,0.000268
2020-08-14,1.1212,0.000268
2020-08-17,1.1218,0.000535
2020-08-18,1.1221,0.00026700000000000004
2020-08-19,1.1217,-0.000356
2020-08-20,1.1211,-0.000535
2020-08-21,1.121,-8.9e-05
2020-08-24,1.1211,0.0001
2020-08-25,1.1211,0.0
2020-08-26,1.1205,-0.0005
2020-08-27,1.1205,0.0
2020-08-28,1.1208,0.0003
2020-08-31,1.1206,-0.0002
2020-09-01,1.1204,-0.0002
2020-09-02,1.1206,0.0002
2020-09-03,1.1205,-0.0001
2020-09-04,1.1206,0.0001
2020-09-07,1.12,-0.0005
2020-09-08,1.12,0.0
2020-09-09,1.1194,-0.0005
2020-09-10,1.1192,-0.0002
2020-09-11,1.1191,-0.0001
2020-09-14,1.119,-0.0001
2020-09-15,1.1187,-0.0003
2020-09-16,1.1187,0.0
2020-09-17,1.1182,-0.0004
2020-09-18,1.118,-0.0002
2020-09-21,1.1172,-0.0007000000000000001
2020-09-22,1.117,-0.0002
2020-09-23,1.1168,-0.0002
2020-09-24,1.1157,-0.001
2020-09-25,1.1159,0.0002
2020-09-28,1.1159,0.0
2020-09-29,1.1169,0.0009
2020-09-30,1.1174,0.0004
2020-10-09,1.1175,0.0001
2020-10-12,1.1186,0.001
2020-10-13,1.1187,0.0001
2020-10-14,1.1192,0.0004
2020-10-15,1.1197,0.0004
2020-10-16,1.1202,0.0004
2020-10-19,1.1198,-0.0004
2020-10-20,1.1199,0.0001
2020-10-21,1.1204,0.0004
2020-10-22,1.1206,0.0002
2020-10-23,1.1207,0.0001
2020-10-26,1.1196,-0.001
2020-10-27,1.1194,-0.0002
2020-10-28,1.1189,-0.0004
2020-10-29,1.1193,0.0004
2020-10-30,1.1187,-0.0005
2020-11-02,1.1188,0.0001
2020-11-03,1.1194,0.0005
2020-11-04,1.1197,0.0003
2020-11-05,1.1204,0.0006
2020-11-06,1.1199,-0.0004
2020-11-09,1.1208,0.0008
2020-11-10,1.1205,-0.0003
2020-11-11,1.1204,-0.0001
2020-11-12,1.1197,-0.0006
2020-11-13,1.1177,-0.0018
2020-11-16,1.1178,0.0001
2020-11-17,1.117,-0.0007000000000000001
2020-11-18,1.1171,0.0001
2020-11-19,1.1171,0.0
2020-11-20,1.1171,0.0
2020-11-23,1.1188,0.0015
2020-11-24,1.1195,0.0006
2020-11-25,1.1201,0.0005
2020-11-26,1.1215,0.0012
2020-11-27,1.1227,0.0011
2020-11-30,1.1234,0.0006
2020-12-01,1.1264,0.0027
2020-12-02,1.1263,-0.0001
2020-12-03,1.1253,-0.0009
2020-12-04,1.1244,-0.0008
2020-12-07,1.1229,-0.0013
2020-12-08,1.1232,0.0003
2020-12-09,1.1229,-0.0003
2020-12-10,1.1228,-0.0001
2020-12-11,1.121,-0.0016
2020-12-14,1.1204,-0.0005
2020-12-15,1.1201,-0.0003
2020-12-16,1.1197,-0.0004
2020-12-17,1.12,0.0003
2020-12-18,1.1207,0.0006
2020-12-21,1.1211,0.0004
2020-12-22,1.1203,-0.0007000000000000001
2020-12-23,1.1209,0.0005
2020-12-24,1.12,-0.0008
2020-12-25,1.1215,0.0013
2020-12-28,1.1206,-0.0008
2020-12-29,1.1209,0.0003
2020-12-30,1.121,0.0001
2020-12-31,1.1227,0.0015
2021-01-04,1.1236,0.0008
2021-01-05,1.1234,-0.0002
2021-01-06,1.1239,0.0004
2021-01-07,1.1237,-0.0002
2021-01-08,1.1295,0.0052
2021-01-11,1.1278,-0.0015
2021-01-12,1.1276,-0.0002
2021-01-13,1.1273,-0.0003
2021-01-14,1.1276,0.0003
2021-01-15,1.1284,0.0007000000000000001
2021-01-18,1.128,-0.0004
2021-01-19,1.1274,-0.0005
2021-01-20,1.1271,-0.0003
2021-01-21,1.1271,0.0
2021-01-22,1.1265,-0.0005
2021-01-25,1.1258,-0.0006
2021-01-26,1.1241,-0.0015
2021-01-27,1.1239,-0.0002
2021-01-28,1.1215,-0.0021
2021-01-29,1.12,-0.0013
2021-02-01,1.1207,0.0006
2021-02-02,1.1203,-0.0004
2021-02-03,1.1196,-0.0006
2021-02-04,1.1183,-0.0012
2021-02-05,1.1184,0.0001
2021-02-08,1.1194,0.0009
2021-02-09,1.1206,0.0011
2021-02-10,1.1215,0.0008
2021-02-18,1.1216,0.0001
2021-02-19,1.1239,0.0021
2021-02-22,1.1244,0.0004
2021-02-23,1.1243,-0.0001
2021-02-24,1.1239,-0.0004
2021-02-25,1.1247,0.0007000000000000001
2021-02-26,1.124,-0.0006
2021-03-01,1.1243,0.0003
2021-03-02,1.124,-0.0003
2021-03-03,1.1258,0.0016
2021-03-04,1.1257,-0.0001
2021-03-05,1.1263,0.0005
2021-03-08,1.1267,0.0004
2021-03-09,1.1261,-0.0005
2021-03-10,1.1259,-0.0002
2021-03-11,1.1276,0.0015
2021-03-12,1.1294,0.0016
2021-03-15,1.1301,0.0006
2021-03-16,1.1307,0.0005
2021-03-17,1.1305,-0.0002
2021-03-18,1.131,0.0004
2021-03-19,1.1306,-0.0004
2021-03-22,1.1321,0.0013
2021-03-23,1.1318,-0.0003
2021-03-24,1.1307,-0.001
2021-03-25,1.131,0.0003
2021-03-26,1.1313,0.0003
2021-03-29,1.1316,0.0003
2021-03-30,1.1314,-0.0002
2021-03-31,1.132,0.0005
2021-04-01,1.1328,0.0007000000000000001
2021-04-02,1.1331,0.0003
2021-04-06,1.133,-0.0001
2021-04-07,1.1341,0.001
2021-04-08,1.1344,0.0003
2021-04-09,1.1346,0.0002
2021-04-12,1.1343,-0.0003
2021-04-13,1.1339,-0.0004
2021-04-14,1.1345,0.0005
2021-04-15,1.1349,0.0004
2021-04-16,1.1354,0.0004
2021-04-19,1.1369,0.0013
2021-04-20,1.1363,-0.0005
2021-04-21,1.1361,-0.0002
2021-04-22,1.1355,-0.0005
2021-04-23,1.1355,0.0
2021-04-26,1.1351,-0.0004
2021-04-27,1.1347,-0.0004
2021-04-28,1.1352,0.0004
2021-04-29,1.1363,0.001
2021-04-30,1.1357,-0.0005
2021-05-06,1.136,0.0003
2021-05-07,1.1357,-0.0003
2021-05-10,1.1359,0.0002
2021-05-11,1.1367,0.0007000000000000001
2021-05-12,1.1372,0.0004
2021-05-13,1.1371,-0.0001
2021-05-14,1.1391,0.0018
2021-05-17,1.1396,0.0004
2021-05-18,1.1392,-0.0004
2021-05-19,1.1396,0.0004
2021-05-20,1.1398,0.0002
2021-05-21,1.1397,-0.0001
2021-05-24,1.1397,0.0
2021-05-25,1.1418,0.0018
2021-05-26,1.1435,0.0015
2021-05-27,1.1442,0.0006
2021-05-28,1.1446,0.0003
2021-05-31,1.1438,-0.0007000000000000001
2021-06-01,1.1434,-0.0003
2021-06-02,1.1428,-0.0005
2021-06-03,1.1431,0.0003
2021-06-04,1.1436,0.0004
2021-06-07,1.1429,-0.0006
2021-06-08,1.1421,-0.0007000000000000001
2021-06-09,1.1422,0.0001
2021-06-10,1.1423,0.0001
2021-06-11,1.1421,-0.0002
2021-06-15,1.1407,-0.0012
2021-06-16,1.1395,-0.0011
2021-06-17,1.1388,-0.0006
2021-06-18,1.1389,0.0001
2021-06-21,1.1391,0.0002
2021-06-22,1.1402,0.001
2021-06-23,1.1404,0.0002
2021-06-24,1.1412,0.0007000000000000001
2021-06-25,1.1422,0.0009
2021-06-28,1.1422,0.0
2021-06-29,1.1405,-0.0015
2021-06-30,1.1404,-0.0001
2021-07-01,1.1401,-0.0003
2021-07-02,1.1396,-0.0004
2021-07-05,1.1404,0.0007000000000000001
2021-07-06,1.1401,-0.0003
2021-07-07,1.142,0.0017000000000000001
2021-07-08,1.1428,0.0007000000000000001
2021-07-09,1.1444,0.0014000000000000002
2021-07-12,1.145,0.0005
2021-07-13,1.1456,0.0005
2021-07-14,1.1454,-0.0002
2021-07-15,1.1457,0.0003
2021-07-16,1.1459,0.0002
2021-07-19,1.1449,-0.0009
2021-07-20,1.1459,0.0009
2021-07-21,1.1469,0.0009
2021-07-22,1.1481,0.001
2021-07-23,1.1493,0.001
2021-07-26,1.1475,-0.0016
2021-07-27,1.1466,-0.0008
2021-07-28,1.1456,-0.0009
2021-07-29,1.1465,0.0008
2021-07-30,1.1474,0.0008
2021-08-02,1.1492,0.0016
2021-08-03,1.1493,0.0001
2021-08-04,1.1499,0.0005
2021-08-05,1.15,0.0001
2021-08-06,1.1501,0.0001
2021-08-09,1.1502,0.0001
2021-08-10,1.151,0.0007000000000000001
2021-08-11,1.1511,0.0001
2021-08-12,1.1515,0.0003
2021-08-13,1.1507,-0.0007000000000000001
2021-08-16,1.1522,0.0013
2021-08-17,1.1512,-0.0009
2021-08-18,1.1546,0.003
2021-08-19,1.1544,-0.0002
2021-08-20,1.1541,-0.0003
2021-08-23,1.1539,-0.0002
2021-08-24,1.155,0.001
2021-08-25,1.155,0.0
2021-08-26,1.1542,-0.0007000000000000001
2021-08-27,1.1546,0.0003
2021-08-30,1.1538,-0.0007000000000000001
2021-08-31,1.1561,0.002
2021-09-01,1.1601,0.0034999999999999996
2021-09-02,1.165,0.0042
2021-09-03,1.1659,0.0008
2021-09-06,1.1702,0.0037
2021-09-07,1.174,0.0032
2021-09-08,1.1756,0.0014000000000000002
2021-09-09,1.1756,0.0
2021-09-10,1.1768,0.001
2021-09-13,1.1767,-0.0001
2021-09-14,1.1712,-0.004699999999999999
2021-09-15,1.1695,-0.0015
2021-09-16,1.167,-0.0021
2021-09-17,1.1687,0.0015
2021-09-22,1.1683,-0.0003
2021-09-23,1.1723,0.0034000000000000002
2021-09-24,1.1718,-0.0004
2021-09-27,1.1685,-0.0028000000000000004
2021-09-28,1.1711,0.0022
2021-09-29,1.1681,-0.0026
2021-09-30,1.1695,0.0012
2021-10-08,1.1703,0.0007000000000000001
2021-10-11,1.1714,0.0009
2021-10-12,1.1678,-0.0031
2021-10-13,1.167,-0.0007000000000000001
2021-10-14,1.1672,0.0002
2021-10-15,1.1682,0.0009
2021-10-18,1.1678,-0.0003
2021-10-19,1.1687,0.0008
2021-10-20,1.1689,0.0002
2021-10-21,1.17,0.0009
2021-10-22,1.1699,-0.0001
2021-10-25,1.1702,0.0003
2021-10-26,1.1705,0.0003
2021-10-27,1.1691,-0.0012
2021-10-28,1.1672,-0.0016
2021-10-29,1.1675,0.0003
2021-11-01,1.1681,0.0005
2021-11-02,1.1671,-0.0009
2021-11-03,1.168,0.0008
2021-11-04,1.1677,-0.0003
2021-11-05,1.1675,-0.0002
2021-11-08,1.1671,-0.0003
2021-11-09,1.1672,0.0001
2021-11-10,1.1675,0.0003
2021-11-11,1.1712,0.0032
2021-11-12,1.1716,0.0003
2021-11-15,1.1719,0.0003
2021-11-16,1.1706,-0.0011
2021-11-17,1.1705,-0.0001
2021-11-18,1.1701,-0.0003
2021-11-19,1.1728,0.0023
2021-11-22,1.1735,0.0006
2021-11-23,1.1745,0.0009
2021-11-24,1.1751,0.0005
2021-11-25,1.1752,0.0001
2021-11-26,1.1751,-0.0001
2021-11-29,1.1741,-0.0009
2021-11-30,1.1737,-0.0003
2021-12-01,1.1769,0.0027
2021-12-02,1.178,0.0009
2021-12-03,1.1787,0.0006
2021-12-06,1.1795,0.0007000000000000001
2021-12-07,1.1779,-0.0014000000000000002
2021-12-08,1.1794,0.0013
2021-12-09,1.184,0.0039000000000000003
2021-12-10,1.1831,-0.0008
2021-12-13,1.183,-0.0001
2021-12-14,1.1811,-0.0016
2021-12-15,1.1809,-0.0002
2021-12-16,1.1814,0.0004
2021-12-17,1.1809,-0.0004
2021-12-20,1.1801,-0.0007000000000000001
2021-12-21,1.1822,0.0018
2021-12-22,1.1824,0.0002
2021-12-23,1.1825,0.0001
2021-12-24,1.1826,0.0001
2021-12-27,1.1824,-0.0002
2021-12-28,1.1823,-0.0001
2021-12-29,1.1824,0.0001
2021-12-30,1.1841,0.0014000000000000002
2021-12-31,1.1869,0.0024
2022-01-04,1.188,0.0009
2022-01-05,1.1899,0.0016
2022-01-06,1.1905,0.0005
2022-01-07,1.1914,0.0008
2022-01-10,1.193,0.0013
2022-01-11,1.1949,0.0016
2022-01-12,1.1951,0.0002
2022-01-13,1.1941,-0.0008
2022-01-14,1.1877,-0.0054
2022-01-17,1.188,0.0003
2022-01-18,1.1921,0.0034999999999999996
2022-01-19,1.1939,0.0015
2022-01-20,1.1974,0.0029
2022-01-21,1.1971,-0.0003
2022-01-24,1.197,-0.0001
2022-01-25,1.1946,-0.002
2022-01-26,1.1951,0.0004
2022-01-27,1.194,-0.0009
2022-01-28,1.1933,-0.0006
2022-02-07,1.1961,0.0023
2022-02-08,1.1986,0.0021
2022-02-09,1.1998,0.001
2022-02-10,1.2001,0.0003
2022-02-11,1.1992,-0.0007000000000000001
2022-02-14,1.1926,-0.0055000000000000005
2022-02-15,1.1872,-0.0045000000000000005
2022-02-16,1.1885,0.0011
2022-02-17,1.1888,0.0003
2022-02-18,1.1904,0.0013
2022-02-21,1.1901,-0.0003
2022-02-22,1.1897,-0.0003
2022-02-23,1.1898,0.0001
2022-02-24,1.1885,-0.0011
2022-02-25,1.1887,0.0002
2022-02-28,1.1881,-0.0005
2022-03-01,1.1889,0.0007000000000000001
2022-03-02,1.1891,0.0002
2022-03-03,1.1899,0.0007000000000000001
2022-03-04,1.1879,-0.0017000000000000001
2022-03-07,1.1844,-0.0029
2022-03-08,1.1802,-0.0034999999999999996
2022-03-09,1.1767,-0.003
2022-03-10,1.1787,0.0017000000000000001
2022-03-11,1.179,0.0003
2022-03-14,1.1786,-0.0003
2022-03-15,1.1742,-0.0037
2022-03-16,1.1786,0.0037
2022-03-17,1.1789,0.0003
2022-03-18,1.1816,0.0023
2022-03-21,1.1808,-0.0007000000000000001
2022-03-22,1.1812,0.0003
2022-03-23,1.1805,-0.0006
2022-03-24,1.1783,-0.0019
2022-03-25,1.1772,-0.0009
2022-03-28,1.1758,-0.0012
2022-03-29,1.1758,0.0
2022-03-30,1.1788,0.0026
2022-03-31,1.181,0.0019
2022-04-01,1.1842,0.0027
2022-04-06,1.1869,0.0023
2022-04-07,1.1843,-0.0022
2022-04-08,1.1853,0.0008
2022-04-11,1.1842,-0.0009
2022-04-12,1.1857,0.0013
2022-04-13,1.1854,-0.0003
2022-04-14,1.1864,0.0008
2022-04-15,1.1858,-0.0005
2022-04-18,1.1836,-0.0019
2022-04-19,1.1828,-0.0007000000000000001
2022-04-20,1.1815,-0.0011
2022-04-21,1.1801,-0.0012
2022-04-22,1.1815,0.0012
2022-04-25,1.1787,-0.0024
2022-04-26,1.1776,-0.0009
2022-04-27,1.1782,0.0005
2022-04-28,1.1788,0.0005
2022-04-29,1.1803,0.0013
2022-05-05,1.1804,0.0001
2022-05-06,1.1786,-0.0015
2022-05-09,1.1778,-0.0007000000000000001
2022-05-10,1.1779,0.0001
2022-05-11,1.1784,0.0004
2022-05-12,1.1788,0.0003
2022-05-13,1.1799,0.0009
2022-05-16,1.1793,-0.0005
2022-05-17,1.1801,0.0007000000000000001
2022-05-18,1.1801,0.0
2022-05-19,1.1796,-0.0004
2022-05-20,1.1813,0.0014000000000000002
2022-05-23,1.1817,0.0003
2022-05-24,1.1792,-0.0021
2022-05-25,1.18,0.0007000000000000001
2022-05-26,1.1811,0.0009
2022-05-27,1.1818,0.0006
2022-05-30,1.1809,-0.0008
2022-05-31,1.1807,-0.0002
2022-06-01,1.1799,-0.0007000000000000001
2022-06-02,1.1795,-0.0003
2022-06-06,1.1805,0.0008
2022-06-07,1.1828,0.0019
2022-06-08,1.1839,0.0009
2022-06-09,1.1838,-0.0001
2022-06-10,1.1846,0.0007000000000000001
2022-06-13,1.1829,-0.0014000000000000002
2022-06-14,1.1849,0.0017000000000000001
2022-06-15,1.1909,0.0051
2022-06-16,1.1892,-0.0014000000000000002
2022-06-17,1.1904,0.001
2022-06-20,1.1885,-0.0016
2022-06-21,1.188,-0.0004
2022-06-22,1.1853,-0.0023
2022-06-23,1.1868,0.0013
2022-06-24,1.1884,0.0013
2022-06-27,1.1904,0.0017000000000000001
2022-06-28,1.1924,0.0017000000000000001
2022-06-29,1.1909,-0.0013
2022-06-30,1.1923,0.0012
2022-07-01,1.1929,0.0005
2022-07-04,1.1917,-0.001
2022-07-05,1.1908,-0.0008
2022-07-06,1.188,-0.0024
2022-07-07,1.1885,0.0004
2022-07-08,1.1892,0.0006
2022-07-11,1.1874,-0.0015
2022-07-12,1.1869,-0.0004
2022-07-13,1.1865,-0.0003
2022-07-14,1.1859,-0.0005
2022-07-15,1.1858,-0.0001
2022-07-18,1.1877,0.0016
2022-07-19,1.1898,0.0018
2022-07-20,1.1917,0.0016
2022-07-21,1.1901,-0.0013
2022-07-22,1.1893,-0.0007000000000000001
2022-07-25,1.1888,-0.0004
2022-07-26,1.1908,0.0017000000000000001
2022-07-27,1.1913,0.0004
2022-07-28,1.1926,0.0011
2022-07-29,1.1923,-0.0003
2022-08-01,1.1922,-0.0001
2022-08-02,1.1904,-0.0015
2022-08-03,1.19,-0.0003
2022-08-04,1.1905,0.0004
2022-08-05,1.1921,0.0013
2022-08-08,1.1926,0.0004
2022-08-09,1.1926,0.0
2022-08-10,1.192,-0.0005
2022-08-11,1.195,0.0025
2022-08-12,1.1958,0.0007000000000000001
2022-08-15,1.1969,0.0009
2022-08-16,1.1976,0.0006
2022-08-17,1.2001,0.0021
2022-08-18,1.1982,-0.0016
2022-08-19,1.1961,-0.0018
2022-08-22,1.1969,0.0007000000000000001
2022-08-23,1.1969,0.0
2022-08-24,1.1943,-0.0022
2022-08-25,1.1941,-0.0002
2022-08-26,1.1943,0.0002
2022-08-29,1.193,-0.0011
2022-08-30,1.1931,0.0001
2022-08-31,1.1934,0.0003
2022-09-01,1.1935,0.0001
2022-09-02,1.1938,0.0003
2022-09-05,1.195,0.001
2022-09-06,1.1959,0.0008
2022-09-07,1.1966,0.0006
2022-09-08,1.196,-0.0005
2022-09-09,1.1973,0.0011
2022-09-13,1.1967,-0.0005
2022-09-14,1.1953,-0.0012
2022-09-15,1.1955,0.0002
2022-09-16,1.1921,-0.0028000000000000004
2022-09-19,1.1911,-0.0008
2022-09-20,1.1906,-0.0004
2022-09-21,1.1921,0.0013
2022-09-22,1.1907,-0.0012
2022-09-23,1.1897,-0.0008
2022-09-26,1.1864,-0.0028000000000000004
2022-09-27,1.1881,0.0014000000000000002
2022-09-28,1.1858,-0.0019
2022-09-29,1.1837,-0.0018
2022-09-30,1.1846,0.0008
2022-10-10,1.183,-0.0014000000000000002
2022-10-11,1.1836,0.0005
2022-10-12,1.1869,0.0028000000000000004
2022-10-13,1.189,0.0018
2022-10-14,1.1928,0.0032
2022-10-17,1.1931,0.0003
2022-10-18,1.1911,-0.0017000000000000001
2022-10-19,1.19,-0.0009
2022-10-20,1.1884,-0.0013
2022-10-21,1.1884,0.0
2022-10-24,1.1843,-0.0034999999999999996
2022-10-25,1.183,-0.0011
2022-10-26,1.1849,0.0016
2022-10-27,1.1852,0.0003
2022-10-28,1.1821,-0.0026
2022-10-31,1.1798,-0.0019
2022-11-01,1.1828,0.0025
2022-11-02,1.1855,0.0023
2022-11-03,1.1852,-0.0003
2022-11-04,1.1889,0.0031
2022-11-07,1.1878,-0.0009
2022-11-08,1.1866,-0.001
2022-11-09,1.1865,-0.0001
2022-11-10,1.186,-0.0004
2022-11-11,1.1897,0.0031
2022-11-14,1.1894,-0.0003
2022-11-15,1.1904,0.0008
2022-11-16,1.1847,-0.0048
2022-11-17,1.1797,-0.0042
2022-11-18,1.1784,-0.0011
2022-11-21,1.1775,-0.0008
2022-11-22,1.1774,-0.0001
2022-11-23,1.1777,0.0003
2022-11-24,1.1786,0.0008
2022-11-25,1.1805,0.0016
2022-11-28,1.177,-0.003
2022-11-29,1.1844,0.0063
2022-11-30,1.1856,0.001
2022-12-01,1.1889,0.0028000000000000004
2022-12-02,1.189,0.0001
2022-12-05,1.194,0.0042
2022-12-06,1.193,-0.0008
2022-12-07,1.1905,-0.0021
2022-12-08,1.1879,-0.0022
2022-12-09,1.1886,0.0006
2022-12-12,1.1851,-0.0029
2022-12-13,1.1797,-0.0046
2022-12-14,1.178,-0.0014000000000000002
2022-12-15,1.1776,-0.0003
2022-12-16,1.1764,-0.001
2022-12-19,1.17,-0.0054
2022-12-20,1.167,-0.0026
2022-12-21,1.1664,-0.0005
2022-12-22,1.1643,-0.0018
2022-12-23,1.1636,-0.0006
2022-12-26,1.1661,0.0021
2022-12-27,1.1697,0.0031
2022-12-28,1.1685,-0.001
2022-12-29,1.1672,-0.0011
2022-12-30,1.1706,0.0029
2022-12-31,1.1706,0.0
2023-01-03,1.1693,-0.0011
2023-01-04,1.1721,0.0024
2023-01-05,1.1772,0.0044
2023-01-06,1.1784,0.001
2023-01-09,1.179,0.0005
2023-01-10,1.1773,-0.0014000000000000002
2023-01-11,1.1763,-0.0008
2023-01-12,1.1772,0.0008
2023-01-13,1.1792,0.0017000000000000001
2023-01-16,1.1845,0.0045000000000000005
2023-01-17,1.1864,0.0016
2023-01-18,1.188,0.0013
2023-01-19,1.1911,0.0026
2023-01-20,1.1944,0.0028000000000000004
2023-01-30,1.1937,-0.0006
2023-01-31,1.1902,-0.0029
2023-02-01,1.194,0.0032
2023-02-02,1.1944,0.0003
2023-02-03,1.1925,-0.0016
2023-02-06,1.1869,-0.004699999999999999
2023-02-07,1.1879,0.0008
2023-02-08,1.1867,-0.001
2023-02-09,1.1907,0.0034000000000000002
2023-02-10,1.1908,0.0001
2023-02-13,1.1926,0.0015
2023-02-14,1.1922,-0.0003
2023-02-15,1.1893,-0.0024
2023-02-16,1.1863,-0.0025
2023-02-17,1.1826,-0.0031
2023-02-20,1.1874,0.0040999999999999995
2023-02-21,1.1882,0.0007000000000000001
2023-02-22,1.1875,-0.0006
2023-02-23,1.1857,-0.0015
2023-02-24,1.1841,-0.0013
2023-02-27,1.1817,-0.002
2023-02-28,1.1831,0.0012
2023-03-01,1.1866,0.003
2023-03-02,1.1879,0.0011
2023-03-03,1.1895,0.0013
2023-03-06,1.1894,-0.0001
2023-03-07,1.1863,-0.0026
2023-03-08,1.1848,-0.0013
2023-03-09,1.185,0.0002
2023-03-10,1.1823,-0.0023
2023-03-13,1.1828,0.0004
2023-03-14,1.1817,-0.0009
2023-03-15,1.1828,0.0009
2023-03-16,1.1809,-0.0016
2023-03-17,1.1833,0.002
2023-03-20,1.1847,0.0012
2023-03-21,1.1862,0.0013
2023-03-22,1.1879,0.0014000000000000002
2023-03-23,1.1892,0.0011
2023-03-24,1.1886,-0.0005
2023-03-27,1.1881,-0.0004
2023-03-28,1.1867,-0.0012
2023-03-29,1.1858,-0.0008
2023-03-30,1.187,0.001
2023-03-31,1.1891,0.0018
2023-04-03,1.1939,0.004
2023-04-04,1.1953,0.0012
2023-04-06,1.1972,0.0016
2023-04-07,1.199,0.0015
2023-04-10,1.1986,-0.0003
2023-04-11,1.1975,-0.0009
2023-04-12,1.1998,0.0019
2023-04-13,1.2,0.0002
2023-04-14,1.2023,0.0019
2023-04-17,1.2062,0.0032
2023-04-18,1.2081,0.0016
2023-04-19,1.2067,-0.0012
2023-04-20,1.2066,-0.0001
2023-04-21,1.2038,-0.0023
2023-04-24,1.2015,-0.0019
2023-04-25,1.2026,0.0009
2023-04-26,1.2059,0.0027
2023-04-27,1.2099,0.0033
2023-04-28,1.2144,0.0037
2023-05-04,1.2181,0.003
2023-05-05,1.2156,-0.0021
2023-05-08,1.2235,0.006500000000000001
2023-05-09,1.2249,0.0011
2023-05-10,1.2204,-0.0037
2023-05-11,1.2221,0.0014000000000000002
2023-05-12,1.2152,-0.005600000000000001
2023-05-15,1.217,0.0015
2023-05-16,1.2162,-0.0007000000000000001
2023-05-17,1.2173,0.0009
2023-05-18,1.2197,0.002
2023-05-19,1.2177,-0.0016
2023-05-22,1.2189,0.001
2023-05-23,1.2159,-0.0025
2023-05-24,1.2119,-0.0033
2023-05-25,1.2114,-0.0004
2023-05-26,1.2129,0.0012
2023-05-29,1.2113,-0.0013
2023-05-30,1.2116,0.0002
2023-05-31,1.2103,-0.0011
2023-06-01,1.2118,0.0012
2023-06-02,1.2157,0.0032
2023-06-05,1.2157,0.0
2023-06-06,1.2136,-0.0017000000000000001
2023-06-07,1.2127,-0.0007000000000000001
2023-06-08,1.2145,0.0015
2023-06-09,1.2157,0.001
2023-06-12,1.2162,0.0004
2023-06-13,1.2159,-0.0002
2023-06-14,1.2149,-0.0008
2023-06-15,1.2172,0.0019
2023-06-16,1.2183,0.0009
2023-06-19,1.2145,-0.0031
2023-06-20,1.2137,-0.0007000000000000001
2023-06-21,1.212,-0.0014000000000000002
2023-06-26,1.2085,-0.0029
2023-06-27,1.2101,0.0013
2023-06-28,1.2097,-0.0003
2023-06-29,1.2094,-0.0002
2023-06-30,1.2119,0.0021
2023-07-03,1.2139,0.0017000000000000001
2023-07-04,1.2134,-0.0004
2023-07-05,1.2122,-0.001
2023-07-06,1.2114,-0.0007000000000000001
2023-07-07,1.212,0.0005
2023-07-10,1.2121,0.0001
2023-07-11,1.2129,0.0007000000000000001
2023-07-12,1.2125,-0.0003
2023-07-13,1.2157,0.0026
2023-07-14,1.2162,0.0004
2023-07-17,1.2142,-0.0016
2023-07-18,1.2147,0.0004
2023-07-19,1.2154,0.0006
2023-07-20,1.2149,-0.0004
2023-07-21,1.2167,0.0015
2023-07-24,1.2127,-0.0033
2023-07-25,1.2206,0.006500000000000001
2023-07-26,1.2214,0.0007000000000000001
2023-07-27,1.2226,0.001
2023-07-28,1.2339,0.0092
2023-07-31,1.2338,-0.0001
2023-08-01,1.2304,-0.0028000000000000004
2023-08-02,1.2305,0.0001
2023-08-03,1.2349,0.0036
2023-08-04,1.237,0.0017000000000000001
2023-08-07,1.2337,-0.0027
2023-08-08,1.2323,-0.0011
2023-08-09,1.2312,-0.0009
2023-08-10,1.2328,0.0013
2023-08-11,1.2297,-0.0025
2023-08-14,1.2271,-0.0021
2023-08-15,1.227,-0.0001
2023-08-16,1.2268,-0.0002
2023-08-17,1.2281,0.0011
2023-08-18,1.2282,0.0001
2023-08-21,1.2256,-0.0021
2023-08-22,1.2231,-0.002
2023-08-23,1.2203,-0.0023
2023-08-24,1.2217,0.0011
2023-08-25,1.2206,-0.0009
2023-08-28,1.2222,0.0013
2023-08-29,1.2239,0.0014000000000000002
2023-08-30,1.2239,0.0
2023-08-31,1.2231,-0.0007000000000000001
2023-09-01,1.2243,0.001
2023-09-04,1.2266,0.0019
2023-09-05,1.2251,-0.0012
2023-09-06,1.2242,-0.0007000000000000001
2023-09-07,1.2186,-0.0046
2023-09-08,1.2169,-0.0014000000000000002
2023-09-11,1.2173,0.0003
2023-09-12,1.217,-0.0002
2023-09-13,1.2146,-0.002
2023-09-14,1.2141,-0.0004
2023-09-15,1.2151,0.0008
2023-09-18,1.2151,0.0
2023-09-19,1.2143,-0.0007000000000000001
2023-09-20,1.2143,0.0
2023-09-21,1.2134,-0.0007000000000000001
2023-09-22,1.2161,0.0022
2023-09-25,1.2146,-0.0012
2023-09-26,1.2147,0.0001
2023-09-27,1.215,0.0002
2023-09-28,1.2162,0.001
2023-10-09,1.2146,-0.0013
2023-10-10,1.214,-0.0005
2023-10-11,1.2128,-0.001
2023-10-12,1.2145,0.0014000000000000002
2023-10-13,1.214,-0.0004
2023-10-16,1.2124,-0.0013
2023-10-17,1.2116,-0.0007000000000000001
2023-10-18,1.2089,-0.0022
2023-10-19,1.2045,-0.0036
2023-10-20,1.2032,-0.0011
2023-10-23,1.2001,-0.0026
2023-10-24,1.2035,0.0028000000000000004
2023-10-25,1.2048,0.0011
2023-10-26,1.2054,0.0005
2023-10-27,1.2082,0.0023
2023-10-30,1.2094,0.001
2023-10-31,1.2074,-0.0017000000000000001
2023-11-01,1.206,-0.0012
2023-11-02,1.2059,-0.0001
2023-11-03,1.2072,0.0011
2023-11-06,1.2103,0.0026
2023-11-07,1.2107,0.0003
2023-11-08,1.2096,-0.0009
2023-11-09,1.2091,-0.0004
2023-11-10,1.2083,-0.0007000000000000001
2023-11-13,1.2081,-0.0002
2023-11-14,1.2089,0.0007000000000000001
2023-11-15,1.2099,0.0008
2023-11-16,1.2076,-0.0019
2023-11-17,1.2067,-0.0007000000000000001
2023-11-20,1.2078,0.0009
2023-11-21,1.2078,0.0
2023-11-22,1.2045,-0.0027
2023-11-23,1.2043,-0.0002
2023-11-24,1.2029,-0.0012
2023-11-27,1.203,0.0001
2023-11-28,1.2031,0.0001
2023-11-29,1.203,-0.0001
2023-11-30,1.2031,0.0001
2023-12-01,1.2033,0.0002
2023-12-04,1.2033,0.0
2023-12-05,1.2032,-0.0001
2023-12-06,1.2033,0.0001
2023-12-07,1.2033,0.0
2023-12-08,1.2036,0.0002
2023-12-11,1.2038,0.0002
2023-12-12,1.2039,0.0001
2023-12-13,1.2037,-0.0002
2023-12-14,1.2036,-0.0001
2023-12-15,1.2036,0.0
2023-12-18,1.2033,-0.0002
2023-12-19,1.2031,-0.0002
2023-12-20,1.2027,-0.0003
2023-12-21,1.203,0.0002
2023-12-22,1.0104,0.0001
2023-12-25,1.0104,0.0
2023-12-26,1.0103,-0.0001
2023-12-27,1.0108,0.0005
2023-12-28,1.0125,0.0017000000000000001
2023-12-29,1.0134,0.0009
2023-12-31,1.0134,0.0
2024-01-02,1.0134,0.0
2024-01-03,1.0127,-0.0007000000000000001
2024-01-04,1.0122,-0.0005
2024-01-05,1.0121,-0.0001
2024-01-08,1.0112,-0.0009
2024-01-09,1.0115,0.0003
2024-01-10,1.0116,0.0001
2024-01-11,1.012,0.0004
2024-01-12,1.0127,0.0007000000000000001
2024-01-15,1.0125,-0.0002
2024-01-16,1.0123,-0.0002
2024-01-17,1.0112,-0.0011
2024-01-18,1.0111,-0.0001
2024-01-19,1.0112,0.0001
2024-01-22,1.0095,-0.0017000000000000001
2024-01-23,1.0096,0.0001
2024-01-24,1.0097,0.0001
2024-01-25,1.012,0.0023
2024-01-26,1.0123,0.0003
2024-01-29,1.011,-0.0013
2024-01-30,1.0096,-0.0014000000000000002
2024-01-31,1.0091,-0.0005
2024-02-01,1.0092,0.0001
2024-02-02,1.0091,-0.0001
2024-02-05,1.0076,-0.0015
2024-02-06,1.0109,0.0033
2024-02-07,1.0118,0.0009
2024-02-08,1.0132,0.0014000000000000002
2024-02-19,1.0136,0.0004
2024-02-20,1.0149,0.0013
2024-02-21,1.0161,0.0012
2024-02-22,1.0165,0.0004
2024-02-23,1.0171,0.0006
2024-02-26,1.0169,-0.0002
2024-02-27,1.0177,0.0008
2024-02-28,1.0151,-0.0026
2024-02-29,1.0164,0.0013
2024-03-01,1.017,0.0006
2024-03-04,1.0161,-0.0009
2024-03-05,1.0152,-0.0009
2024-03-06,1.0153,0.0001
2024-03-07,1.0149,-0.0004
2024-03-08,1.0154,0.0005
2024-03-11,1.0165,0.0011
2024-03-12,1.0166,0.0001
2024-03-13,1.0169,0.0003
2024-03-14,1.0163,-0.0006
2024-03-15,1.0169,0.0006
2024-03-18,1.0184,0.0015
2024-03-19,1.0182,-0.0002
2024-03-20,1.0192,0.001
2024-03-21,1.0196,0.0004
2024-03-22,1.0188,-0.0008
2024-03-25,1.0178,-0.001
2024-03-26,1.0172,-0.0006
2024-03-27,1.0157,-0.0015
2024-03-28,1.0163,0.0006
2024-03-29,1.0168,0.0005
2024-04-01,1.0185,0.0017000000000000001
2024-04-02,1.0187,0.0002
2024-04-03,1.0191,0.0004
2024-04-08,1.0186,-0.0005
2024-04-09,1.0202,0.0016
2024-04-10,1.0199,-0.0003
2024-04-11,1.0203,0.0004
2024-04-12,1.0211,0.0008
2024-04-15,1.0209,-0.0002
2024-04-16,1.0196,-0.0013
2024-04-17,1.0215,0.0019
2024-04-18,1.0225,0.001
2024-04-19,1.0221,-0.0004
2024-04-22,1.0213,-0.0008
2024-04-23,1.0213,0.0
2024-04-24,1.022,0.0007000000000000001
2024-04-25,1.0222,0.0002
2024-04-26,1.0238,0.0016
2024-04-29,1.0248,0.001
2024-04-30,1.0256,0.0008
2024-05-06,1.0286,0.0029
2024-05-07,1.0299,0.0013
2024-05-08,1.0288,-0.0011
2024-05-09,1.0309,0.002
2024-05-10,1.0314,0.0005
2024-05-13,1.0309,-0.0005
2024-05-14,1.0316,0.0007000000000000001
2024-05-15,1.0309,-0.0007000000000000001
2024-05-16,1.0316,0.0007000000000000001
2024-05-17,1.0322,0.0006
2024-05-20,1.0334,0.0012
2024-05-21,1.0328,-0.0006
2024-05-22,1.034,0.0012
2024-05-23,1.0319,-0.002
2024-05-24,1.0308,-0.0011
2024-05-27,1.0316,0.0008
2024-05-28,1.0315,-0.0001
2024-05-29,1.031,-0.0005
2024-05-30,1.0314,0.0004
2024-05-31,1.0315,0.0001
2024-06-03,1.0291,-0.0023
2024-06-04,1.0299,0.0008
2024-06-05,1.0301,0.0002
2024-06-06,1.0296,-0.0005
2024-06-07,1.0291,-0.0005
2024-06-11,1.0292,0.0001
2024-06-12,1.0303,0.0011
2024-06-13,1.0292,-0.0011
2024-06-14,1.0296,0.0004
2024-06-17,1.0296,0.0
2024-06-18,1.0304,0.0008
2024-06-19,1.0288,-0.0016
2024-06-20,1.0246,-0.0040999999999999995
2024-06-21,1.0235,-0.0011
2024-06-24,1.0183,-0.0051
2024-06-25,1.0199,0.0016
2024-06-26,1.0246,0.0046
2024-06-27,1.0236,-0.001
2024-06-28,1.0256,0.002
2024-06-30,1.0256,0.0
2024-07-01,1.027,0.0014000000000000002
2024-07-02,1.0262,-0.0008
2024-07-03,1.0243,-0.0019
2024-07-04,1.0215,-0.0027
2024-07-05,1.0211,-0.0004
2024-07-08,1.0176,-0.0034000000000000002
2024-07-09,1.021,0.0033
2024-07-10,1.0211,0.0001
2024-07-11,1.0242,0.003
2024-07-12,1.0232,-0.001
2024-07-15,1.0219,-0.0013
2024-07-16,1.0217,-0.0002
2024-07-17,1.0199,-0.0018
2024-07-18,1.0196,-0.0003
2024-07-19,1.0194,-0.0002
2024-07-22,1.0156,-0.0037
2024-07-23,1.0117,-0.0038
2024-07-24,1.007,-0.0046
2024-07-25,1.0059,-0.0011
2024-07-26,1.0116,0.005699999999999999
2024-07-29,1.0105,-0.0011
2024-07-30,1.0095,-0.001
2024-07-31,1.0131,0.0036
2024-08-01,1.0132,0.0001
2024-08-02,1.012,-0.0012
2024-08-05,1.0095,-0.0025
2024-08-06,1.0097,0.0002
2024-08-07,1.01,0.0003
2024-08-08,1.0099,-0.0001
2024-08-09,1.0095,-0.0004
2024-08-12,1.0069,-0.0026
2024-08-13,1.0059,-0.001
2024-08-14,1.0042,-0.0017000000000000001
2024-08-15,1.0023,-0.0019
2024-08-16,0.9998,-0.0025
2024-08-19,1.0013,0.0015
2024-08-20,0.9997,-0.0016
2024-08-21,0.9988,-0.0009
2024-08-22,0.9985,-0.0003
2024-08-23,0.9981,-0.0004
2024-08-26,0.9971,-0.001
2024-08-27,0.9954,-0.0017000000000000001
2024-08-28,0.9957,0.0003
2024-08-29,0.996,0.0003
2024-08-30,0.9962,0.0002
2024-09-02,0.9974,0.0012
2024-09-03,0.9979,0.0005
2024-09-04,0.9984,0.0005
2024-09-05,0.9988,0.0004
2024-09-06,0.9988,0.0
2024-09-09,0.9988,0.0
2024-09-10,0.9986,-0.0002
2024-09-11,0.9988,0.0002
2024-09-12,0.9989,0.0001
2024-09-13,0.9991,0.0002
2024-09-18,1.0001,0.001
2024-09-19,0.9997,-0.0004
2024-09-20,0.9996,-0.0001
2024-09-23,0.9994,-0.0002
2024-09-24,0.9991,-0.0003
2024-09-25,0.9997,0.0006
2024-09-26,0.9994,-0.0003
2024-09-27,0.9968,-0.0026
2024-09-30,0.9916,-0.0052
2024-10-08,0.9886,-0.003
2024-10-09,0.9856,-0.003
2024-10-10,0.988,0.0024
2024-10-11,0.9906,0.0026
2024-10-14,0.9938,0.0032
2024-10-15,0.9949,0.0011
2024-10-16,0.995,0.0001
2024-10-17,0.9955,0.0005
2024-10-18,0.9954,-0.0001
2024-10-21,0.9952,-0.0002
2024-10-22,0.9946,-0.0006
2024-10-23,0.9934,-0.0012
2024-10-24,0.9931,-0.0003
2024-10-25,0.9928,-0.0003
2024-10-28,0.9927,-0.0001
2024-10-29,0.9927,0.0
2024-10-30,0.9928,0.0001
2024-10-31,0.9931,0.0003
2024-11-01,0.9939,0.0008
2024-11-04,0.9943,0.0004
2024-11-05,0.9945,0.0002
2024-11-06,0.9947,0.0002
2024-11-07,0.9955,0.0008
2024-11-08,0.9959,0.0004
2024-11-11,0.9965,0.0006
2024-11-12,0.9973,0.0008
2024-11-13,0.9975,0.0002
2024-11-14,0.9975,0.0
2024-11-15,0.9979,0.0004
2024-11-18,0.9978,-0.0001
2024-11-19,0.9979,0.0001
2024-11-20,0.998,0.0001
2024-11-21,0.9986,0.0006
2024-11-22,0.9991,0.0005
2024-11-25,0.9999,0.0008
2024-11-26,1.0003,0.0004
2024-11-27,1.0006,0.0003
2024-11-28,1.0011,0.0005
2024-11-29,1.0021,0.001
2024-12-02,1.0045,0.0024
2024-12-03,1.0045,0.0
2024-12-04,1.0054,0.0009
2024-12-05,1.0059,0.0005
2024-12-06,1.0061,0.0002
2024-12-09,1.0064,0.0003
2024-12-10,1.0085,0.0021
2024-12-11,1.0081,-0.0004
2024-12-12,1.0085,0.0004
2024-12-13,1.0099,0.0014000000000000002
2024-12-16,1.011,0.0011
2024-12-17,1.0107,-0.0003
2024-12-18,1.01,-0.0007000000000000001
2024-12-19,1.0096,-0.0004
2024-12-20,1.0104,0.0008
2024-12-23,1.0109,0.0005
2024-12-24,1.0105,-0.0004
2024-12-25,1.0101,-0.0004
2024-12-26,1.0101,0.0
2024-12-27,1.011,0.0009
2024-12-30,1.0114,0.0004
2024-12-31,1.0124,0.001
2025-01-02,1.0136,0.0012
2025-01-03,1.0142,0.0006
2025-01-06,1.0146,0.0004
2025-01-07,1.0143,-0.0003
2025-01-08,1.0143,0.0
2025-01-09,1.0138,-0.0005
2025-01-10,1.0136,-0.0002
2025-01-13,1.0131,-0.0005
2025-01-14,1.0132,0.0001
2025-01-15,1.0133,0.0001
2025-01-16,1.0128,-0.0005
2025-01-17,1.0124,-0.0004
2025-01-20,1.0121,-0.0003
2025-01-21,1.0122,0.0001
2025-01-22,1.0129,0.0007000000000000001
2025-01-23,1.0125,-0.0004
2025-01-24,1.0125,0.0
2025-01-27,1.0141,0.0016
2025-02-05,1.015,0.0009
2025-02-06,1.016,0.001
2025-02-07,1.0163,0.0003
2025-02-10,1.0155,-0.0008
2025-02-11,1.0157,0.0002
2025-02-12,1.0158,0.0001
2025-02-13,1.0159,0.0001
2025-02-14,1.015,-0.0009
2025-02-17,1.0138,-0.0012
2025-02-18,1.013,-0.0008
2025-02-19,1.0134,0.0004
2025-02-20,1.0119,-0.0015
2025-02-21,1.0102,-0.0017000000000000001
2025-02-24,1.0078,-0.0024
2025-02-25,1.008,0.0002
2025-02-26,1.0082,0.0002
2025-02-27,1.0069,-0.0013
2025-02-28,1.0074,0.0005
2025-03-03,1.0083,0.0009
2025-03-04,1.0083,0.0
2025-03-05,1.0085,0.0002
2025-03-06,1.0069,-0.0016
2025-03-07,1.0038,-0.0031
2025-03-10,1.0029,-0.0009
2025-03-11,1.0,-0.0029
2025-03-12,1.0015,0.0015
2025-03-13,1.0019,0.0004
2025-03-14,1.0022,0.0003
2025-03-17,0.9995,-0.0027
2025-03-18,1.0,0.0005
2025-03-19,1.001,0.001
2025-03-20,1.0035,0.0025
2025-03-21,1.0038,0.0003
2025-03-24,1.005,0.0012
2025-03-25,1.0064,0.0014000000000000002
2025-03-26,1.0077,0.0013
2025-03-27,1.0081,0.0004
2025-03-28,1.0082,0.0001
2025-03-31,1.0086,0.0004
2025-04-01,1.0088,0.0002
2025-04-02,1.0095,0.0007000000000000001
2025-04-03,1.0113,0.0018
2025-04-07,1.0117,0.0004
2025-04-08,1.0128,0.0011
2025-04-09,1.013,0.0002
2025-04-10,1.0131,0.0001
2025-04-11,1.0136,0.0005
2025-04-14,1.0147,0.0011
2025-04-15,1.0143,-0.0004
2025-04-16,1.0142,-0.0001
2025-04-17,1.0141,-0.0001
2025-04-18,1.014,-0.0001
2025-04-21,1.0141,0.0001
2025-04-22,1.0144,0.0003
2025-04-23,1.0142,-0.0002
2025-04-24,1.0141,-0.0001
2025-04-25,1.0144,0.0003
2025-04-28,1.0152,0.0008
2025-04-29,1.0168,0.0016
2025-04-30,1.017,0.0002
2025-05-06,1.0178,0.0008
2025-05-07,1.0175,-0.0003
2025-05-08,1.019,0.0015
2025-05-09,1.0192,0.0002
2025-05-12,1.0177,-0.0015
2025-05-13,1.0191,0.0014000000000000002
2025-05-14,1.0189,-0.0002
2025-05-15,1.0182,-0.0007000000000000001
2025-05-16,1.0184,0.0002
2025-05-19,1.0191,0.0007000000000000001
2025-05-20,1.0195,0.0004
2025-05-21,1.0196,0.0001
2025-05-22,1.0194,-0.0002
2025-05-23,1.0194,0.0
2025-05-26,1.0197,0.0003
2025-05-27,1.019,-0.0007000000000000001
2025-05-28,1.019,0.0
2025-05-29,1.0189,-0.0001
2025-05-30,1.0197,0.0008
2025-06-03,1.0198,0.0001
2025-06-04,1.0204,0.0006
2025-06-05,1.0206,0.0002
2025-06-06,1.0219,0.0013
2025-06-09,1.0226,0.0007000000000000001
2025-06-10,1.0221,-0.0005
2025-06-11,1.0233,0.0012
2025-06-12,1.0234,0.0001
2025-06-13,1.0228,-0.0006
2025-06-16,1.0235,0.0007000000000000001
2025-06-17,1.0241,0.0006
2025-06-18,1.0245,0.0004
2025-06-19,1.0242,-0.0003
2025-06-20,1.0245,0.0003
2025-06-23,1.025,0.0005
2025-06-24,1.0249,-0.0001
2025-06-25,1.0251,0.0002
2025-06-26,1.0249,-0.0002
2025-06-27,1.0255,0.0006
2025-06-30,1.0259,0.0004
2025-07-01,1.0269,0.001
2025-07-02,1.0267,-0.0002
2025-07-03,1.028,0.0013
2025-07-04,1.0277,-0.0003
2025-07-07,1.0276,-0.0001
2025-07-08,1.0285,0.0009
2025-07-09,1.0279,-0.0006
2025-07-10,1.0275,-0.0004
2025-07-11,1.0274,-0.0001
2025-07-14,1.027,-0.0004
2025-07-15,1.0273,0.0003
2025-07-16,1.0279,0.0006
2025-07-17,1.0293,0.0014000000000000002
2025-07-18,1.0295,0.0002
2025-07-21,1.0295,0.0
2025-07-22,1.0291,-0.0004
2025-07-23,1.0277,-0.0014000000000000002
2025-07-24,1.0264,-0.0013
2025-07-25,1.0266,0.0002
2025-07-28,1.0273,0.0007000000000000001
2025-07-29,1.0269,-0.0004
2025-07-30,1.0275,0.0006
2025-07-31,1.0275,0.0
2025-08-01,1.0279,0.0004
2025-08-04,1.0285,0.0006
2025-08-05,1.0288,0.0003
2025-08-06,1.0294,0.0006
2025-08-07,1.0296,0.0002
2025-08-08,1.0302,0.0006
2025-08-11,1.0306,0.0004
2025-08-12,1.0298,-0.0008
2025-08-13,1.0308,0.001
2025-08-14,1.0295,-0.0013
2025-08-15,1.03,0.0005
2025-08-18,1.0285,-0.0015
2025-08-19,1.0287,0.0002
2025-08-20,1.0286,-0.0001
2025-08-21,1.0295,0.0009
2025-08-22,1.0299,0.0004
2025-08-25,1.0311,0.0012
2025-08-26,1.0317,0.0006
2025-08-27,1.029,-0.0026
2025-08-28,1.0285,-0.0005
2025-08-29,1.0279,-0.0006
2025-09-01,1.0278,-0.0001
2025-09-02,1.0269,-0.0009
2025-09-03,1.0277,0.0008
2025-09-04,1.0273,-0.0004
2025-09-05,1.0292,0.0018
2025-09-08,1.0292,0.0
2025-09-09,1.0278,-0.0014000000000000002
2025-09-10,1.0266,-0.0012
2025-09-11,1.0277,0.0011
2025-09-12,1.0281,0.0004
2025-09-15,1.0277,-0.0004
2025-09-16,1.0281,0.0004
2025-09-17,1.0293,0.0012
2025-09-18,1.0283,-0.001
2025-09-19,1.0275,-0.0008
2025-09-22,1.0273,-0.0002
2025-09-23,1.0261,-0.0012
2025-09-24,1.0258,-0.0003
2025-09-25,1.0254,-0.0004
2025-09-26,1.0254,0.0
2025-09-29,1.0263,0.0009
2025-09-30,1.0276,0.0013
2025-10-09,1.0287,0.0011
2025-10-10,1.0285,-0.0002
2025-10-13,1.0287,0.0002
2025-10-14,1.0279,-0.0008
2025-10-15,1.0284,0.0005
2025-10-16,1.028,-0.0004
2025-10-17,1.0283,0.0003
2025-10-20,1.0284,0.0001
2025-10-21,1.0294,0.001
2025-10-22,1.0294,0.0
2025-10-23,1.0298,0.0004
2025-10-24,1.0304,0.0006
2025-10-27,1.0313,0.0009
2025-10-28,1.0321,0.0008
2025-10-29,1.0334,0.0013
2025-10-30,1.0332,-0.0002
2025-10-31,1.0341,0.0009
2025-11-03,1.0343,0.0002
2025-11-04,1.0338,-0.0005
2025-11-05,1.0351,0.0013
2025-11-06,1.0347,-0.0004
2025-11-07,1.0344,-0.0003
2025-11-10,1.0349,0.0005
2025-11-11,1.0348,-0.0001
2025-11-12,1.0348,0.0
2025-11-13,1.0358,0.001
2025-11-14,1.0354,-0.0004
2025-11-17,1.0355,0.0001
2025-11-18,1.0341,-0.0014000000000000002
2025-11-19,1.0341,0.0
2025-11-20,1.0341,0.0
2025-11-21,1.032,-0.002
2025-11-24,1.0323,0.0003
2025-11-25,1.0324,0.0001
2025-11-26,1.031,-0.0014000000000000002
2025-11-27,1.0305,-0.0005
2025-11-28,1.0315,0.001
2025-12-01,1.0316,0.0001
2025-12-02,1.0309,-0.0007000000000000001
2025-12-03,1.0303,-0.0006
2025-12-04,1.0292,-0.0011
2025-12-05,1.03,0.0008
2025-12-08,1.0302,0.0002
2025-12-09,1.0301,-0.0001
2025-12-10,1.0308,0.0007000000000000001
2025-12-11,1.0309,0.0001
2025-12-12,1.0311,0.0002
2025-12-15,1.0306,-0.0005
2025-12-16,1.0303,-0.0003
2025-12-17,1.0316,0.0013
2025-12-18,1.0324,0.0008
2025-12-19,1.0337,0.0013
2025-12-22,1.0341,0.0004
2025-12-23,1.0341,0.0
2025-12-24,1.0352,0.0011
2025-12-25,1.0366,0.0014000000000000002
2025-12-26,1.0367,0.0001
2025-12-29,1.0354,-0.0013
2025-12-30,1.0355,0.0001
2025-12-31,1.0355,0.0
2026-01-05,1.0368,0.0013
2026-01-06,1.0375,0.0007000000000000001
2026-01-07,1.0377,0.0002
2026-01-08,1.0386,0.0009
2026-01-09,1.0393,0.0007000000000000001
2026-01-12,1.0409,0.0015
2026-01-13,1.0393,-0.0015
2026-01-14,1.0396,0.0003
2026-01-15,1.0398,0.0002
2026-01-16,1.0416,0.0017000000000000001
2026-01-19,1.0424,0.0008
2026-01-20,1.0419,-0.0005
2026-01-21,1.0434,0.0014000000000000002
2026-01-22,1.0444,0.001
2026-01-23,1.0463,0.0018
2026-01-26,1.0447,-0.0015
2026-01-27,1.0449,0.0002
2026-01-28,1.0459,0.001
2026-01-29,1.0445,-0.0013
2026-01-30,1.0429,-0.0015
2026-02-02,1.0399,-0.0029
2026-02-03,1.0437,0.0037
2026-02-04,1.0435,-0.0002
2026-02-05,1.043,-0.0005
2026-02-06,1.045,0.0019
2026-02-09,1.0473,0.0022
2026-02-10,1.0471,-0.0002
2026-02-11,1.0476,0.0005
2026-02-12,1.0475,-0.0001
2026-02-13,1.0471,-0.0004
2026-02-24,1.0494,0.0022
2026-02-25,1.0484,-0.001
2026-02-26,1.0463,-0.002
2026-02-27,1.0465,0.0002
2026-03-02,1.047,0.0005
2026-03-03,1.0456,-0.0013
2026-03-04,1.0461,0.0005
2026-03-05,1.0465,0.0004
2026-03-06,1.0469,0.0004
2026-03-09,1.0459,-0.001
2026-03-10,1.0469,0.001
2026-03-11,1.0472,0.0003
2026-03-12,1.0468,-0.0004
2026-03-13,1.0464,-0.0004
2026-03-16,1.0457,-0.0007000000000000001
2026-03-17,1.045,-0.0007000000000000001
2026-03-18,1.0468,0.0017000000000000001
2026-03-19,1.0456,-0.0011
2026-03-20,1.0446,-0.001
2026-03-23,1.0436,-0.001
2026-03-24,1.0466,0.0029
2026-03-25,1.0477,0.0011
2026-03-26,1.0463,-0.0013
2026-03-27,1.0472,0.0009
2026-03-30,1.0469,-0.0003
2026-03-31,1.0458,-0.0011
2026-04-01,1.0468,0.001
2026-04-02,1.0467,-0.0001
2026-04-03,1.0474,0.0007000000000000001
2026-04-07,1.0483,0.0009
2026-04-08,1.0496,0.0012
2026-04-09,1.0491,-0.0005
2026-04-10,1.0492,0.0001
2026-04-13,1.049,-0.0002
2026-04-14,1.0499,0.0009
2026-04-15,1.0507,0.0008
2026-04-16,1.0514,0.0007000000000000001
2026-04-17,1.0524,0.001
2026-04-20,1.0535,0.001
2026-04-21,1.0536,0.0001
2026-04-22,1.0544,0.0008
2026-04-23,1.0535,-0.0009
2026-04-24,1.0528,-0.0007000000000000001
2026-04-27,1.0532,0.0004
2026-04-28,1.0539,0.0007000000000000001
2026-04-29,1.055,0.001
2026-04-30,1.055,0.0
2026-05-06,1.0557,0.0007000000000000001
2026-05-07,1.055,-0.0007000000000000001
2026-05-08,1.0554,0.0004
2026-05-11,1.057,0.0015
2026-05-12,1.0556,-0.0013
2026-05-13,1.0566,0.0009
2026-05-14,1.0537,-0.0027
2026-05-15,1.0528,-0.0009
2026-05-18,1.0533,0.0005
2026-05-19,1.0564,0.0029
2026-05-20,1.056,-0.0004
2026-05-21,1.0545,-0.0014000000000000002
2026-05-22,1.0546,0.0001
2026-05-25,1.0548,0.0002
2026-05-26,1.0547,-0.0001
2026-05-27,1.0551,0.0004
2026-05-28,1.0561,0.0009
2026-05-29,1.0544,-0.0016
2026-06-01,1.0558,0.0013
2026-06-02,1.056,0.0002
2026-06-03,1.0551,-0.0009
2026-06-04,1.0546,-0.0005
2026-06-05,1.0538,-0.0008
2026-06-08,1.0518,-0.0019
2026-06-09,1.0519,0.0001
2026-06-10,1.0492,-0.0026
2026-06-11,1.0489,-0.0003
2026-06-12,1.051,0.002
2026-06-15,1.053,0.0019
2026-06-16,1.0544,0.0013
2026-06-17,1.0537,-0.0007000000000000001
2026-06-18,1.0531,-0.0006
2026-06-22,1.0529,-0.0002
2026-06-23,1.0519,-0.0009
2026-06-24,1.052,0.0001
2026-06-25,1.0519,-0.0001
2026-06-26,1.0513,-0.0006
2026-06-29,1.0522,0.0009
2026-06-30,1.053,0.0008
2026-07-01,1.0528,-0.0002
2026-07-02,1.0524,-0.0004
2026-07-03,1.0529,0.0005
2026-07-06,1.0533,0.0004
2026-07-07,1.0518,-0.0014000000000000002
2026-07-08,1.0511,-0.0007000000000000001
2026-07-09,1.0518,0.0007000000000000001
2026-07-10,1.0512,-0.0006
2026-07-13,1.0489,-0.0022
2026-07-14,1.0505,0.0015
2026-07-15,1.0504,-0.0001
2026-07-16,1.0498,-0.0006
2026-07-17,1.0484,-0.0013
2026-07-20,1.0479,-0.0005
2026-07-21,1.0503,0.0023
2026-07-22,1.0504,0.0001
2026-07-23,1.051,0.0006
2026-07-24,1.0507,-0.0003
2026-07-27,1.0522,0.0014000000000000002
2026-07-28,1.0501,-0.002
2026-07-29,1.0511,0.001
2026-07-30,1.0518,0.0007000000000000001
2026-07-31,1.0535,0.0016
2026-08-03,1.0531,-0.0004
2026-08-04,1.0541,0.0009
