000695
007514
001464
001823
003610
003611
003663
005422
005728
012799
006857
006858
009753
009754
010006
010007
010921
010951
010952
011872
011873
012815
015074
015116
015117
015276
015277
016380
016381
017081
017082
017386
017415
017416
017464
017465
017624
017625
017774
018628
018629
018993
018994
023003
023004
016616
150010
150011
160212
150016
150017
160505
161132
028897
161810
015383
162006
162207
162703
013154
163001
163302
163402
023881
163415
014537
163801
166009
028357
167002
013600
168102
168104
180028
393001
400013
501035
501070
024114
501071
016198
501079
017290
501081
501188
519602
519623
519624
519649
519650
530012
539001
570007
582003
850006
850688
850699
